0.5 0 0.5
0.46666666666666667 0 0.53333333333333333
0.43333333333333335 0 0.56666666666666665
0.40000000000000002 0 0.59999999999999998
0.3666666666666667 0 0.6333333333333333
0.33333333333333337 0 0.66666666666666663
0.29999999999999999 0 0.69999999999999996
0.26666666666666666 0 0.73333333333333339
0.23333333333333334 0 0.76666666666666661
0.20000000000000001 0 0.80000000000000004
0.16666666666666669 0 0.83333333333333326
0.13333333333333336 0 0.8666666666666667
0.099999999999999978 0 0.90000000000000002
0.066666666666666652 0 0.93333333333333335
0.033333333333333326 0 0.96666666666666667
0 0 1
0 0.066666666666666666 1
0 0.13333333333333333 1
0 0.20000000000000001 1
0 0.26666666666666666 1
0 0.33333333333333331 1
0 0.40000000000000002 1
0 0.46666666666666667 1
0 0.53333333333333333 1
0 0.59999999999999998 1
0 0.66666666666666663 1
0 0.73333333333333328 1
0 0.80000000000000004 1
0 0.8666666666666667 1
0 0.93333333333333335 1
0 1 1
0 0.98666666666666669 0.93333333333333335
0 0.97333333333333338 0.8666666666666667
0 0.96000000000000008 0.80000000000000004
0 0.94666666666666677 0.73333333333333339
0 0.93333333333333335 0.66666666666666674
0 0.92000000000000004 0.59999999999999998
0 0.90666666666666673 0.53333333333333333
0 0.89333333333333342 0.46666666666666667
0 0.88000000000000012 0.40000000000000002
0 0.8666666666666667 0.33333333333333337
0 0.85333333333333339 0.26666666666666672
0 0.84000000000000008 0.19999999999999996
0 0.82666666666666666 0.1333333333333333
0 0.81333333333333335 0.066666666666666652
0 0.80000000000000004 0
0.066666666666666666 0.81333333333333335 0
0.13333333333333333 0.82666666666666666 0
0.20000000000000001 0.84000000000000008 0
0.26666666666666666 0.85333333333333339 0
0.33333333333333331 0.8666666666666667 0
0.40000000000000002 0.88000000000000012 0
0.46666666666666667 0.89333333333333342 0
0.53333333333333333 0.90666666666666673 0
0.59999999999999998 0.92000000000000004 0
0.66666666666666663 0.93333333333333335 0
0.73333333333333328 0.94666666666666677 0
0.80000000000000004 0.96000000000000008 0
0.8666666666666667 0.97333333333333338 0
0.93333333333333335 0.98666666666666669 0
1 1 0
1 0.96666666666666667 0
1 0.93333333333333335 0
1 0.90000000000000002 0
1 0.8666666666666667 0
1 0.83333333333333337 0
1 0.80000000000000004 0
1 0.76666666666666661 0
1 0.73333333333333339 0
1 0.69999999999999996 0
1 0.66666666666666674 0
1 0.6333333333333333 0
1 0.59999999999999998 0
1 0.56666666666666665 0
1 0.53333333333333333 0
1 0.5 0
1 0.46666666666666667 0
1 0.43333333333333335 0
1 0.40000000000000002 0
1 0.3666666666666667 0
1 0.33333333333333337 0
1 0.30000000000000004 0
1 0.26666666666666672 0
1 0.23333333333333328 0
1 0.19999999999999996 0
1 0.16666666666666663 0
1 0.1333333333333333 0
1 0.099999999999999978 0
1 0.066666666666666652 0
1 0 0
