 CellBody
 -1682.42 -1089.15 -111.15 0.19 ; 37; 1
 -1688.04 -1094.36 -111.15 0.19 ; 37; 2
 -1690.82 -1100.98 -111.15 0.19 ; 37; 3
 -1691.93 -1107.38 -111.15 0.19 ; 37; 4
 -1691.35 -1110.50 -111.15 0.19 ; 37; 5
 -1690.14 -1113.07 -111.15 0.19 ; 37; 6
 -1685.77 -1115.25 -111.15 0.19 ; 37; 7
 -1680.16 -1112.34 -111.15 0.19 ; 37; 8
 -1676.85 -1107.89 -111.15 0.19 ; 37; 9
 -1676.24 -1103.33 -111.15 0.19 ; 37; 10
 -1678.43 -1097.55 -111.15 0.19 ; 37; 11
 -1679.35 -1090.69 -111.15 0.19 ; 37; 12
 -1680.15 -1087.44 -111.15 0.19 ; 37; 13
 -1681.65 -1088.39 -111.15 0.19 ; 37; 14

 Color RGB 64; 160; 255
 Axon
 -1691.67 -1112.88 -112.00 2.61 ; Root
 -1693.98 -1114.40 -112.05 2.42 ; 1; R
 -1696.60 -1114.66 -112.00 2.42 ; 2
 -1699.31 -1115.33 -112.05 2.23 ; 3
 -1703.51 -1114.64 -111.45 2.05 ; 4
 -1705.77 -1114.81 -110.35 1.86 ; 5
 -1708.06 -1114.04 -110.35 1.86 ; 6
 -1711.81 -1113.62 -109.90 1.68 ; 7
 -1714.07 -1114.56 -109.90 1.68 ; 8
 -1716.65 -1115.77 -108.05 1.68 ; 9
 -1719.45 -1116.07 -108.05 1.68 ; 10
 -1721.58 -1116.79 -104.45 1.68 ; 11
 -1723.70 -1117.50 -104.40 1.68 ; 12
 -1726.23 -1118.12 -104.40 1.68 ; 13
 -1729.13 -1118.84 -103.25 1.68 ; 14
 -1730.76 -1120.00 -103.25 1.49 ; 15
 -1732.66 -1120.85 -103.25 1.49 ; 16
 -1733.11 -1121.35 -101.60 1.49 ; 17
 -1733.45 -1123.21 -103.65 0.37 ; 18
 -1733.92 -1124.62 -103.65 0.37 ; 19
 -1733.75 -1127.04 -103.65 0.37 ; 20
 -1735.81 -1129.69 -102.45 0.37 ; 21
 -1736.69 -1131.16 -100.00 0.19 ; 22
 -1738.75 -1132.63 -100.00 0.19 ; 23
 -1739.16 -1133.87 -96.55 0.56 ; 24
 -1741.69 -1134.40 -96.55 0.37 ; 25
 -1741.04 -1135.99 -94.55 0.37 ; 26
 -1741.22 -1137.11 -94.60 0.37 ; 27
 -1742.16 -1139.93 -94.55 0.37 ; 28
 -1742.87 -1142.05 -92.00 0.56 ; 29
 -1744.64 -1143.82 -92.00 0.56 ; 30
 -1745.93 -1144.76 -89.90 0.56 ; 31
 -1747.05 -1146.94 -89.90 0.56 ; 32
 -1748.99 -1147.47 -86.90 0.56 ; 33
 -1750.40 -1149.36 -86.90 0.56 ; 34
 -1750.93 -1151.53 -85.95 0.74 ; 35
 -1751.70 -1152.06 -83.25 0.74 ; 36
 -1752.87 -1153.24 -83.25 0.74 ; 37
 -1754.11 -1155.18 -80.45 0.56 ; 38
 -1755.99 -1156.13 -80.45 0.74 ; 39
 -1757.40 -1157.42 -80.45 0.74 ; 40
 -1758.93 -1159.07 -76.45 0.74 ; 41
 -1759.29 -1160.13 -76.45 0.74 ; 42
 -1761.11 -1160.90 -76.45 0.74 ; 43
 -1761.05 -1161.90 -74.70 0.74 ; 44
 -1761.76 -1162.25 -73.55 0.74 ; 45
 -1762.82 -1163.66 -72.80 0.56 ; 46
 -1764.70 -1163.43 -72.80 0.56 ; 47
 -1765.05 -1164.49 -72.80 0.74 ; 48
 -1766.58 -1166.14 -72.80 0.56 ; 49
 -1767.76 -1166.14 -72.80 0.56 ; 50
 -1769.46 -1165.96 -70.00 0.56 ; 51
 -1770.29 -1167.85 -69.95 0.56 ; 52
 -1771.29 -1169.67 -68.95 0.56 ; 53
 -1773.93 -1171.14 -68.80 0.56 ; 54
 -1775.70 -1173.50 -67.90 0.93 ; 55
 -1777.23 -1174.56 -67.90 1.12 ; 56
 
 -1775.52 -1175.32 -64.30 0.74 ; 1; R-1
 -1773.64 -1175.56 -63.45 0.37 ; 2
 -1772.53 -1175.74 -63.45 0.37 ; 3
 -1770.17 -1175.15 -60.80 0.37 ; 4
 -1768.88 -1174.79 -60.75 0.37 ; 5
 -1766.94 -1174.26 -60.80 0.37 ; 6
 -1764.94 -1174.14 -60.75 0.56 ; 7
 -1763.70 -1172.79 -60.75 0.56 ; 8
 -1761.88 -1172.02 -60.75 0.56 ; 9
 -1759.23 -1171.73 -60.45 0.56 ; 10
 -1757.23 -1170.43 -60.45 0.56 ; 11
 -1753.41 -1170.73 -60.45 0.56 ; 12
 -1750.94 -1169.78 -59.65 0.56 ; 13
 -1750.00 -1168.14 -59.65 0.56 ; 14
 -1750.12 -1168.49 -58.95 0.56 ; 15
 -1747.41 -1168.60 -57.65 0.37 ; 16
 -1745.00 -1169.60 -57.70 0.37 ; 17
 -1744.12 -1169.90 -57.65 0.93 ; 18
 -1742.94 -1169.90 -57.70 0.93 ; 19
 -1741.41 -1169.43 -57.65 0.93 ; 20
 -1739.89 -1170.13 -56.65 0.19 ; 21
 -1738.77 -1169.72 -56.70 0.19 ; 22
 -1736.95 -1169.54 -55.10 0.19 ; 23
 -1734.89 -1168.66 -55.10 0.19 ; 24
 -1732.36 -1168.72 -54.35 0.19 ; 25
 -1731.40 -1165.99 -56.25 0.56 ; 26
 -1730.02 -1165.70 -56.25 0.56 ; 27
 -1728.15 -1164.00 -56.15 0.56 ; 28
 -1725.62 -1162.81 -54.60 0.56 ; 29
 -1724.16 -1162.16 -54.55 0.56 ; 30
 -1722.44 -1161.18 -54.60 1.12 ; 31
 -1721.52 -1159.47 -54.25 0.19 ; 32
 -1722.09 -1156.69 -54.25 0.19 ; 33
 -1722.91 -1154.24 -53.15 0.19 ; 34
 -1722.32 -1153.22 -53.20 1.12 ; 35
 -1722.35 -1151.51 -52.25 0.19 ; 36
 -1722.34 -1150.56 -52.25 0.19 ; 37
 -1721.45 -1148.08 -52.20 0.19 ; 38
 -1721.45 -1147.13 -52.25 1.12 ; 39
 -1721.84 -1145.34 -52.20 0.74 ; 40
 -1721.46 -1143.51 -52.20 0.74 ; 41
 -1721.01 -1141.33 -52.20 0.74 ; 42
 -1721.73 -1139.28 -52.25 0.74 ; 43
 -1720.80 -1136.62 -50.75 1.30 ; 44
 -1717.98 -1134.92 -50.05 0.93 ; 45
 -1716.91 -1132.48 -48.60 0.93 ; 46
 -1714.97 -1131.35 -48.60 0.93 ; 47
 -1713.33 -1130.74 -48.60 0.93 ; 48
 -1712.00 -1128.92 -48.60 1.12 ; 49
 -1711.31 -1128.31 -48.60 1.12 ; 50
 -1708.31 -1126.64 -48.30 0.56 ; 51
 -1707.13 -1125.55 -48.25 0.56 ; 52
 -1705.04 -1123.70 -48.25 0.56 ; 53
 -1704.23 -1122.54 -47.70 1.12 ; 54
 -1701.57 -1122.52 -44.35 0.74 ; 55
 -1699.14 -1123.59 -44.35 0.74 ; 56
 -1697.31 -1123.01 -42.10 0.74 ; 57
 -1693.91 -1122.19 -41.70 0.74 ; 58
 -1692.02 -1122.20 -41.70 0.74 ; 59
 -1691.29 -1123.30 -41.70 0.74 ; 60
 -1689.80 -1123.42 -41.65 0.74 ; 61
 -1688.45 -1123.32 -41.70 0.74 ; 62
 -1686.01 -1124.39 -41.70 0.74 ; 63
 -1682.77 -1124.30 -41.75 1.49 ; 64
 -1679.36 -1122.53 -40.00 0.93 ; 65
 -1677.51 -1122.72 -40.00 1.12 ; 66
 -1675.82 -1120.98 -38.35 1.12 ; 67
 -1672.86 -1120.44 -38.35 1.12 ; 68
 -1671.69 -1119.35 -38.35 1.12 ; 69
 -1669.42 -1118.49 -38.35 1.12 ; 70
 -1667.34 -1117.59 -38.35 0.93 ; 71
 -1666.56 -1115.66 -38.30 0.56 ; 72
 -1664.05 -1116.36 -36.35 0.56 ; 73
 Incomplete
 |
 -1778.88 -1175.38 -64.25 0.93 ; 1; R-2
 -1779.99 -1175.80 -64.20 0.93 ; 2
 -1781.35 -1177.50 -64.20 0.74 ; 3
 -1781.94 -1178.68 -64.20 0.74 ; 4
 -1783.70 -1178.09 -64.20 0.74 ; 5
 -1785.76 -1178.39 -64.20 0.93 ; 6
 -1787.88 -1179.45 -64.15 0.93 ; 7
 -1790.35 -1179.80 -64.05 0.93 ; 8
 -1793.05 -1180.27 -63.50 0.93 ; 9
 -1794.52 -1181.16 -63.50 0.93 ; 10
 -1796.40 -1182.10 -63.90 0.93 ; 11
 -1798.11 -1183.10 -63.90 0.93 ; 12
 -1799.87 -1183.10 -63.90 1.49 ; 13
 -1802.23 -1183.10 -62.40 1.12 ; 14
 -1803.23 -1183.75 -62.40 1.49 ; 15
 -1805.05 -1184.52 -62.70 0.93 ; 16
 -1806.43 -1184.99 -63.14 0.86 ; 17
 -1807.81 -1185.46 -63.59 0.78 ; 18
 -1809.19 -1185.92 -64.04 0.71 ; 19
 -1810.57 -1186.39 -64.48 0.63 ; 20
 -1811.95 -1186.86 -64.93 0.56 ; 21
 -1813.33 -1187.33 -65.37 0.49 ; 22
 -1814.71 -1187.80 -65.82 0.41 ; 23
 -1816.09 -1188.26 -66.26 0.34 ; 24
 -1817.47 -1188.73 -66.71 0.26 ; 25
 -1818.85 -1189.20 -67.15 0.19 ; 26
 -1821.97 -1189.73 -66.85 0.19 ; 27
 -1822.97 -1189.79 -66.85 0.56 ; 28
 -1824.32 -1189.73 -66.85 0.56 ; 29
 -1826.44 -1190.21 -66.85 0.56 ; 30
 -1827.09 -1190.97 -66.85 0.37 ; 31
 -1827.91 -1191.09 -66.85 0.37 ; 32
 -1828.27 -1192.15 -66.85 1.49 ; 33
 -1829.97 -1191.38 -66.85 1.49 ; 34
 -1831.21 -1190.97 -66.85 1.49 ; 35
 
 -1832.97 -1191.56 -66.85 0.93 ; 1; R-2-1
 -1834.97 -1191.68 -66.85 0.93 ; 2
 -1835.73 -1193.39 -67.40 0.93 ; 3
 -1837.09 -1194.51 -67.40 0.93 ; 4
 -1838.09 -1195.15 -69.10 0.74 ; 5
 -1839.21 -1196.15 -69.15 0.74 ; 6
 -1839.38 -1197.27 -69.10 0.74 ; 7
 -1839.91 -1197.69 -69.15 0.74 ; 8
 -1840.62 -1198.04 -69.15 0.74 ; 9
 -1840.74 -1200.16 -69.15 0.74 ; 10
 -1840.62 -1201.57 -69.10 0.74 ; 11
 -1841.33 -1203.10 -65.75 0.74 ; 12
 -1839.97 -1204.34 -63.55 0.74 ; 13
 -1839.80 -1206.16 -63.55 0.74 ; 14
 -1838.74 -1208.87 -62.00 0.74 ; 15
 -1837.86 -1210.93 -61.95 0.74 ; 16
 High
 |
 -1833.09 -1190.74 -66.85 0.93 ; 1; R-2-2
 -1835.79 -1190.62 -66.80 0.93 ; 2
 -1837.79 -1189.56 -65.05 0.93 ; 3
 -1837.85 -1187.38 -61.65 0.93 ; 4
 High
 ; End of split
 ; End of split
 ; End of tree

 Color RGB 96; 128; 255
 Dendrite
 -1676.84 -1105.34 -112.80 1.30 ; Root
 -1675.71 -1106.02 -109.25 1.30 ; 1; R
 -1673.54 -1106.25 -107.35 1.30 ; 2
 -1672.24 -1107.65 -106.40 1.30 ; 3
 -1672.11 -1108.19 -102.85 1.30 ; 4
 High
 ; End of tree

 Color RGB 223; 223; 96
 Dendrite
 -1677.62 -1109.17 -112.65 1.30 ; Root
 -1675.64 -1110.21 -111.65 1.30 ; 1; R
 -1674.74 -1110.76 -111.65 0.93 ; 2
 -1671.81 -1112.52 -111.65 0.93 ; 3
 -1670.60 -1114.33 -111.65 0.74 ; 4
 -1669.65 -1114.29 -111.65 0.74 ; 5
 -1668.30 -1115.11 -111.65 1.68 ; 6
 -1667.98 -1115.60 -111.65 1.49 ; 7
 -1667.04 -1116.33 -111.65 0.74 ; 8
 -1666.14 -1116.87 -110.05 0.74 ; 9
 -1664.83 -1117.51 -113.60 1.12 ; 10
 -1663.56 -1116.43 -116.00 0.74 ; 11
 -1662.48 -1116.16 -115.95 0.74 ; 12
 -1661.44 -1118.02 -117.40 1.68 ; 13
 -1661.00 -1119.05 -117.40 1.12 ; 14
 -1659.87 -1120.50 -120.05 1.12 ; 15
 -1656.36 -1121.55 -120.10 1.12 ; 16
 -1652.62 -1125.04 -122.05 1.12 ; 17
 -1650.91 -1126.53 -123.20 1.12 ; 18
 -1650.65 -1129.15 -126.05 1.12 ; 19
 -1650.59 -1133.82 -125.60 1.12 ; 20
 -1649.93 -1138.06 -126.40 1.12 ; 21
 -1649.76 -1141.08 -126.40 1.12 ; 22
 -1650.94 -1142.52 -126.40 0.56 ; 23
 -1651.35 -1143.96 -126.75 0.56 ; 24
 -1651.41 -1147.61 -127.95 0.56 ; 25
 -1652.10 -1149.51 -128.80 0.56 ; 26
 -1651.88 -1150.41 -128.80 0.56 ; 27
 -1651.57 -1153.21 -128.80 1.12 ; 28
 -1651.40 -1155.46 -128.85 1.12 ; 29
 -1651.40 -1156.23 -128.85 0.74 ; 30
 -1653.63 -1159.65 -129.30 0.74 ; 31
 -1654.56 -1165.24 -129.45 0.74 ; 32
 -1653.48 -1167.27 -129.45 0.74 ; 33
 -1655.03 -1171.10 -130.10 0.74 ; 34
 -1652.38 -1174.85 -130.80 0.74 ; 35
 -1653.03 -1178.46 -131.20 0.74 ; 36
 -1654.39 -1179.17 -133.00 0.74 ; 37
 -1652.87 -1183.01 -133.35 0.74 ; 38
 -1655.50 -1187.11 -133.85 0.74 ; 39
 -1652.00 -1191.99 -135.20 0.74 ; 40
 -1654.81 -1194.60 -137.10 0.74 ; 41
 -1656.45 -1198.06 -138.75 0.74 ; 42
 -1656.42 -1202.08 -139.05 0.74 ; 43
 -1655.31 -1205.82 -139.65 0.74 ; 44
 -1656.95 -1210.82 -140.00 0.74 ; 45
 -1657.92 -1214.70 -140.00 0.74 ; 46
 -1661.22 -1216.85 -140.00 0.74 ; 47
 -1661.41 -1217.66 -140.00 0.74 ; 48
 -1661.55 -1219.42 -140.00 1.12 ; 49
 -1661.74 -1222.53 -140.00 0.93 ; 50
 -1663.07 -1225.73 -140.00 0.93 ; 51
 -1663.85 -1230.33 -138.60 0.93 ; 52
 -1663.77 -1232.99 -138.60 0.93 ; 53
 -1664.01 -1237.00 -140.20 0.93 ; 54
 -1664.34 -1239.57 -142.15 0.93 ; 55
 -1665.43 -1242.91 -139.50 0.93 ; 56
 -1666.57 -1245.29 -140.75 0.93 ; 57
 -1666.68 -1250.30 -141.90 0.93 ; 58
 -1666.07 -1255.13 -143.00 0.93 ; 59
 -1665.81 -1256.98 -143.05 0.93 ; 60
 -1665.31 -1257.43 -143.05 0.37 ; 61
 Normal
 ; End of tree

 Color RGB 128; 0; 255
 Dendrite
 -1685.17 -1115.37 -110.90 0.93 ; Root
 -1686.04 -1118.08 -111.95 0.93 ; 1; R
 -1686.36 -1120.64 -112.95 0.93 ; 2
 -1685.38 -1123.08 -113.00 0.93 ; 3
 -1684.62 -1124.62 -113.00 0.93 ; 4
 -1687.83 -1127.13 -113.20 0.93 ; 5
 -1687.89 -1130.79 -114.30 0.93 ; 6
 -1687.72 -1131.51 -114.30 1.30 ; 7
 -1687.32 -1133.90 -115.15 1.30 ; 8
 -1686.79 -1136.07 -116.65 1.30 ; 9
 -1688.98 -1141.20 -117.00 1.30 ; 10
 -1688.89 -1142.33 -117.05 1.30 ; 11
 -1688.86 -1147.11 -117.80 1.30 ; 12
 -1690.50 -1149.81 -117.80 1.30 ; 13
 -1690.82 -1150.85 -117.80 1.49 ; 14
 -1689.93 -1154.46 -117.80 1.49 ; 15
 -1689.53 -1156.08 -118.25 1.49 ; 16
 -1690.05 -1161.76 -118.30 1.86 ; 17
 
 -1693.19 -1164.91 -118.25 0.74 ; 1; R-1
 -1692.43 -1167.98 -116.85 0.74 ; 2
 -1694.16 -1171.09 -116.50 0.74 ; 3
 -1693.13 -1172.94 -116.50 0.74 ; 4
 -1695.07 -1173.61 -116.55 0.74 ; 5
 -1697.15 -1174.50 -116.20 0.74 ; 6
 -1698.52 -1178.29 -115.55 0.74 ; 7
 -1703.73 -1182.06 -115.55 0.93 ; 8
 -1706.59 -1185.25 -115.50 0.93 ; 9
 -1706.78 -1187.60 -117.55 0.93 ; 10
 -1705.71 -1191.93 -117.65 0.74 ; 11
 -1707.53 -1193.91 -118.85 0.74 ; 12
 -1711.56 -1197.77 -116.80 0.74 ; 13
 -1714.55 -1200.42 -118.70 0.74 ; 14
 -1717.68 -1203.30 -118.75 0.74 ; 15
 -1717.87 -1206.41 -119.20 0.74 ; 16
 -1722.17 -1208.42 -120.30 0.74 ; 17
 -1725.57 -1212.52 -120.30 0.74 ; 18
 -1728.65 -1214.81 -119.10 0.74 ; 19
 -1731.16 -1220.21 -119.00 0.74 ; 20
 -1733.87 -1220.88 -118.95 0.74 ; 21
 -1737.45 -1224.25 -118.50 0.74 ; 22
 -1739.91 -1228.30 -120.05 0.74 ; 23
 -1743.43 -1229.55 -120.30 0.74 ; 24
 -1745.11 -1231.30 -118.65 0.74 ; 25
 -1746.92 -1232.51 -118.50 0.74 ; 26
 -1748.47 -1235.57 -118.00 0.74 ; 27
 -1750.83 -1239.22 -118.75 0.74 ; 28
 -1754.27 -1241.60 -119.70 0.74 ; 29
 -1759.49 -1246.13 -118.15 0.74 ; 30
 -1761.61 -1246.85 -117.70 0.74 ; 31
 -1763.29 -1248.60 -117.95 0.74 ; 32
 -1765.51 -1250.49 -119.75 0.74 ; 33
 -1769.57 -1251.11 -119.95 0.74 ; 34
 -1773.02 -1254.25 -119.95 0.74 ; 35
 -1775.28 -1255.19 -119.95 0.74 ; 36
 -1778.68 -1258.52 -120.50 0.74 ; 37
 -1783.15 -1259.04 -121.75 0.74 ; 38
 -1784.61 -1260.93 -122.00 0.74 ; 39
 -1787.86 -1262.50 -122.10 0.74 ; 40
 -1790.77 -1265.51 -120.80 0.74 ; 41
 -1793.29 -1267.61 -120.80 0.56 ; 42
 -1793.93 -1270.45 -120.80 0.56 ; 43
 -1796.24 -1271.20 -121.50 0.56 ; 44
 Normal
 |
 -1688.26 -1164.39 -118.25 1.12 ; 1; R-2
 -1686.87 -1166.92 -115.75 1.30 ; 2
 -1687.38 -1170.30 -119.25 1.30 ; 3
 
 -1689.44 -1176.24 -119.20 0.74 ; 1; R-2-1
 -1688.36 -1178.28 -122.80 0.74 ; 2
 -1688.56 -1181.39 -125.40 0.74 ; 3
 -1688.66 -1184.86 -125.90 0.93 ; 4
 -1689.36 -1189.05 -126.75 0.93 ; 5
 -1689.74 -1193.74 -128.15 0.93 ; 6
 -1689.98 -1198.21 -129.70 1.30 ; 7
 
 -1691.97 -1200.23 -129.60 0.74 ; 1; R-2-1-1
 -1692.16 -1202.57 -132.00 0.74 ; 2
 -1694.07 -1204.96 -135.15 0.74 ; 3
 -1698.51 -1207.96 -136.95 0.74 ; 4
 -1700.91 -1210.66 -137.55 0.74 ; 5
 -1703.96 -1215.43 -137.90 0.74 ; 6
 -1703.96 -1215.43 -138.85 0.74 ; 7
 Low
 |
 -1683.94 -1200.17 -129.70 1.12 ; 1; R-2-1-2
 -1679.66 -1202.75 -133.00 1.12 ; 2
 -1678.72 -1205.01 -133.75 1.12 ; 3
 -1679.46 -1209.02 -133.80 1.12 ; 4
 -1675.94 -1210.84 -133.85 1.12 ; 5
 -1673.51 -1212.92 -133.85 1.12 ; 6
 -1670.61 -1220.06 -136.90 1.12 ; 7
 -1669.63 -1223.26 -137.50 1.12 ; 8
 -1670.42 -1228.63 -137.95 1.12 ; 9
 -1667.63 -1232.92 -139.15 1.12 ; 10
 -1668.56 -1238.51 -139.45 0.93 ; 11
 -1668.49 -1243.47 -142.65 0.93 ; 12
 -1665.03 -1246.64 -144.75 0.93 ; 13
 Low
 ; End of split
 |
 -1687.44 -1173.95 -117.00 1.30 ; 1; R-2-2
 -1686.19 -1177.47 -115.55 1.12 ; 2
 -1688.45 -1179.18 -113.30 1.12 ; 3
 -1689.10 -1182.78 -111.05 1.12 ; 4
 -1688.36 -1188.92 -108.50 1.12 ; 5
 -1687.56 -1192.94 -108.35 1.12 ; 6
 -1688.48 -1196.23 -107.50 1.12 ; 7
 -1687.94 -1198.39 -106.80 1.12 ; 8
 -1686.38 -1202.41 -106.80 1.12 ; 9
 -1684.46 -1207.11 -106.80 1.12 ; 10
 -1683.70 -1209.41 -106.80 1.12 ; 11
 -1682.41 -1213.39 -104.35 1.12 ; 12
 -1681.70 -1217.04 -105.45 0.93 ; 13
 -1680.92 -1224.12 -105.80 1.12 ; 14
 -1679.94 -1227.33 -105.80 1.12 ; 15
 -1678.25 -1233.42 -105.80 1.12 ; 16
 -1678.30 -1234.78 -105.80 1.12 ; 17
 -1679.53 -1236.52 -105.70 0.93 ; 18
 -1679.00 -1239.05 -105.70 0.93 ; 19
 -1680.06 -1241.65 -106.20 0.93 ; 20
 -1680.54 -1243.65 -106.30 0.93 ; 21
 -1679.48 -1245.18 -106.30 0.74 ; 22
 -1679.24 -1246.24 -106.30 0.74 ; 23
 -1679.01 -1249.06 -106.30 0.74 ; 24
 -1677.66 -1249.71 -106.30 0.74 ; 25
 -1677.96 -1249.67 -106.75 1.12 ; 26
 -1675.84 -1251.25 -106.75 1.12 ; 27
 -1673.86 -1253.06 -106.75 1.12 ; 28
 -1672.47 -1254.83 -106.75 0.93 ; 29
 -1671.89 -1256.41 -108.10 0.93 ; 30
 -1671.17 -1258.53 -108.05 0.93 ; 31
 -1671.41 -1261.46 -108.05 0.93 ; 32
 -1671.01 -1263.08 -108.05 0.93 ; 33
 -1670.48 -1265.18 -107.55 0.93 ; 34
 -1670.08 -1268.33 -107.55 0.93 ; 35
 -1667.62 -1269.40 -106.85 1.12 ; 36
 -1667.32 -1270.87 -106.85 0.93 ; 37
 -1667.44 -1272.99 -106.80 0.93 ; 38
 -1667.56 -1274.52 -106.85 0.74 ; 39
 -1667.09 -1275.46 -106.80 0.74 ; 40
 -1665.03 -1275.17 -106.80 0.74 ; 41
 -1662.92 -1276.46 -105.65 0.93 ; 42
 -1662.15 -1277.11 -105.65 0.93 ; 43
 -1661.86 -1278.58 -103.95 1.12 ; 44
 -1660.45 -1279.05 -104.00 1.12 ; 45
 -1659.80 -1281.82 -104.35 1.12 ; 46
 -1658.86 -1281.94 -104.30 1.12 ; 47
 -1657.92 -1283.23 -103.00 1.12 ; 48
 -1657.63 -1285.88 -103.00 1.12 ; 49
 -1655.22 -1286.29 -101.50 1.12 ; 50
 -1654.75 -1286.65 -101.45 1.12 ; 51
 -1653.28 -1288.12 -100.30 0.56 ; 52
 -1652.40 -1290.18 -100.30 0.56 ; 53
 -1650.04 -1290.76 -100.30 0.56 ; 54
 -1648.05 -1293.00 -100.90 0.56 ; 55
 -1648.28 -1293.71 -100.90 0.56 ; 56
 -1646.81 -1295.18 -100.00 0.56 ; 57
 -1646.22 -1295.18 -100.00 0.56 ; 58
 -1642.76 -1297.12 -99.45 0.37 ; 59
 -1640.64 -1298.42 -99.45 0.37 ; 60
 Normal
 ; End of split
 ; End of split
 ; End of tree

 Color RGB 128; 255; 0
 Dendrite
 -1680.10 -1111.38 -112.20 0.93 ; Root
 -1678.53 -1113.10 -107.45 0.93 ; 1; R
 -1676.78 -1116.31 -104.70 0.93 ; 2
 -1676.25 -1118.48 -102.60 0.93 ; 3
 -1674.90 -1120.06 -101.70 0.93 ; 4
 -1675.98 -1120.61 -99.70 2.23 ; 5
 
 -1676.65 -1121.67 -99.00 0.74 ; 1; R-1
 -1676.53 -1123.08 -99.00 0.74 ; 2
 -1676.06 -1124.02 -99.10 1.68 ; 3
 -1675.88 -1125.85 -96.30 1.30 ; 4
 -1673.12 -1125.79 -96.30 1.30 ; 5
 -1672.59 -1129.50 -96.30 1.68 ; 6
 -1672.06 -1130.85 -91.20 1.68 ; 7
 -1671.89 -1132.68 -91.20 1.68 ; 8
 -1671.71 -1134.50 -89.80 1.86 ; 9
 
 -1671.30 -1135.62 -86.90 0.93 ; 1; R-1-1
 -1671.89 -1136.80 -85.10 1.12 ; 2
 -1670.18 -1138.15 -82.35 0.56 ; 3
 -1671.30 -1140.33 -82.35 0.56 ; 4
 -1671.24 -1140.15 -82.35 0.74 ; 5
 -1670.42 -1141.80 -78.75 0.74 ; 6
 -1671.30 -1143.27 -77.35 0.56 ; 7
 -1673.07 -1145.04 -76.45 0.56 ; 8
 -1673.66 -1146.22 -74.20 1.30 ; 9
 -1673.84 -1148.51 -74.20 1.30 ; 10
 -1674.25 -1149.75 -74.20 1.30 ; 11
 -1673.72 -1151.10 -71.95 0.93 ; 12
 -1673.84 -1153.22 -71.95 0.93 ; 13
 -1673.25 -1154.40 -68.45 0.93 ; 14
 -1672.96 -1155.87 -68.50 0.93 ; 15
 -1672.31 -1156.28 -67.00 0.93 ; 16
 -1671.02 -1155.93 -64.70 1.12 ; 17
 -1670.02 -1157.64 -61.70 1.12 ; 18
 -1671.67 -1159.05 -61.70 1.12 ; 19
 -1672.20 -1160.64 -58.45 1.12 ; 20
 -1672.02 -1163.05 -56.15 1.12 ; 21
 -1673.22 -1162.47 -56.15 0.93 ; 22
 -1674.54 -1164.29 -56.15 0.93 ; 23
 -1674.08 -1165.71 -53.85 0.56 ; 24
 -1673.61 -1167.14 -53.85 0.19 ; 25
 -1673.51 -1167.54 -52.65 0.19 ; 26
 -1675.08 -1168.74 -52.65 0.19 ; 27
 -1675.35 -1170.96 -50.35 0.19 ; 28
 -1675.36 -1172.86 -49.65 0.19 ; 29
 -1675.30 -1175.35 -49.70 0.74 ; 30
 -1674.54 -1176.26 -49.65 1.30 ; 31
 -1673.82 -1178.31 -48.95 0.93 ; 32
 -1672.60 -1180.65 -47.20 0.93 ; 33
 -1670.46 -1182.24 -47.15 0.93 ; 34
 -1671.09 -1184.39 -45.45 0.93 ; 35
 -1672.74 -1185.95 -45.45 0.93 ; 36
 -1673.22 -1187.37 -44.40 0.93 ; 37
 -1672.42 -1188.10 -44.40 0.93 ; 38
 -1671.63 -1189.79 -42.00 0.93 ; 39
 -1671.67 -1190.92 -42.05 0.93 ; 40
 -1670.89 -1193.55 -41.35 0.93 ; 41
 -1670.86 -1195.27 -41.35 0.93 ; 42
 -1671.41 -1196.11 -39.10 0.74 ; 43
 -1670.48 -1198.01 -38.85 1.30 ; 44
 -1670.52 -1200.09 -38.85 1.12 ; 45
 -1669.37 -1201.85 -37.90 0.93 ; 46
 -1669.05 -1203.06 -37.90 0.93 ; 47
 -1668.77 -1205.39 -37.90 0.93 ; 48
 -1668.86 -1207.66 -37.00 0.93 ; 49
 -1667.84 -1208.25 -35.60 0.93 ; 50
 -1667.81 -1209.01 -35.60 1.12 ; 51
 -1667.34 -1210.44 -30.05 1.49 ; 52
 -1666.21 -1210.48 -28.40 1.30 ; 53
 -1665.18 -1209.17 -28.40 1.30 ; 54
 -1665.08 -1210.53 -25.55 1.30 ; 55
 -1663.67 -1212.91 -25.50 1.49 ; 56
 -1661.53 -1214.49 -22.90 1.49 ; 57
 -1660.55 -1216.21 -21.10 1.30 ; 58
 -1658.08 -1217.10 -16.90 1.68 ; 59
 -1655.10 -1218.28 -16.95 1.68 ; 60
 -1653.93 -1219.09 -12.65 1.49 ; 61
 -1653.90 -1219.86 -12.65 1.12 ; 62
 -1651.57 -1220.53 -12.60 1.12 ; 63
 -1651.94 -1221.40 -10.05 1.49 ; 64
 -1650.30 -1221.74 -10.05 1.49 ; 65
 -1648.74 -1222.44 -10.05 0.93 ; 66
 -1647.61 -1223.44 -10.05 0.93 ; 67
 -1647.41 -1225.19 -5.55 0.93 ; 68
 -1646.06 -1225.09 -6.15 0.93 ; 69
 -1643.54 -1224.85 -6.15 1.30 ; 70
 -1643.25 -1226.23 -3.25 1.30 ; 71
 -1642.97 -1227.62 -3.20 1.12 ; 72
 -1639.89 -1230.16 -0.35 1.12 ; 73
 -1638.83 -1230.57 -0.30 1.12 ; 74
 -1637.46 -1231.75 -0.65 0.56 ; 75
 -1635.97 -1233.06 -0.65 0.56 ; 76
 -1634.67 -1233.61 1.75 0.56 ; 77
 -1634.48 -1235.47 2.45 0.37 ; 78
 -1633.73 -1236.96 4.15 0.37 ; 79
 -1633.18 -1237.33 4.15 0.56 ; 80
 -1632.43 -1239.01 4.15 0.56 ; 81
 -1632.06 -1240.49 6.40 0.56 ; 82
 -1630.20 -1242.17 6.40 0.56 ; 83
 -1628.52 -1243.47 9.00 0.37 ; 84
 -1629.64 -1244.58 9.00 0.37 ; 85
 -1630.76 -1245.51 12.85 0.37 ; 86
 -1630.76 -1247.00 12.85 0.37 ; 87
 -1629.82 -1248.30 14.70 0.37 ; 88
 -1630.94 -1248.86 17.40 0.37 ; 89
 -1631.50 -1250.53 17.40 0.19 ; 90
 Normal
 |
 -1669.12 -1134.97 -87.25 1.30 ; 1; R-1-2
 -1668.42 -1135.21 -87.25 1.30 ; 2
 -1665.65 -1134.56 -86.05 1.49 ; 3
 -1664.60 -1136.09 -84.70 1.30 ; 4
 -1663.42 -1137.85 -84.70 1.49 ; 5
 -1659.89 -1139.62 -82.90 1.30 ; 6
 -1657.60 -1139.21 -82.85 1.68 ; 7
 -1654.95 -1140.09 -84.00 1.49 ; 8
 -1653.31 -1141.03 -84.00 1.68 ; 9
 -1652.13 -1143.38 -84.15 1.68 ; 10
 -1650.14 -1144.44 -84.15 1.68 ; 11
 -1649.19 -1145.15 -84.15 1.68 ; 12
 -1649.67 -1146.56 -84.15 1.49 ; 13
 -1648.67 -1147.68 -84.20 1.49 ; 14
 -1646.55 -1147.80 -84.15 1.49 ; 15
 -1646.26 -1148.09 -84.15 0.93 ; 16
 -1645.61 -1149.68 -84.15 0.93 ; 17
 -1643.49 -1150.98 -84.15 1.30 ; 18
 -1641.79 -1152.33 -84.10 1.12 ; 19
 -1641.32 -1153.27 -84.10 1.12 ; 20
 -1638.85 -1155.86 -83.40 1.12 ; 21
 -1638.20 -1157.45 -83.40 1.12 ; 22
 -1636.68 -1158.74 -83.40 1.12 ; 23
 -1635.44 -1160.33 -82.35 1.12 ; 24
 -1633.50 -1161.57 -82.35 1.12 ; 25
 -1632.86 -1163.16 -82.35 1.12 ; 26
 -1632.33 -1165.69 -81.15 1.12 ; 27
 -1632.27 -1167.28 -81.15 1.30 ; 28
 -1632.39 -1168.22 -81.10 1.30 ; 29
 -1631.27 -1170.16 -81.15 1.30 ; 30
 -1631.10 -1171.40 -81.15 1.12 ; 31
 -1630.21 -1172.28 -80.40 1.12 ; 32
 -1629.57 -1174.46 -80.40 1.12 ; 33
 -1629.33 -1175.52 -80.40 0.93 ; 34
 -1629.39 -1176.29 -78.30 1.30 ; 35
 -1629.04 -1178.17 -78.25 1.30 ; 36
 -1629.39 -1179.23 -78.20 1.12 ; 37
 -1628.16 -1180.23 -78.25 1.12 ; 38
 -1627.45 -1181.64 -78.25 1.12 ; 39
 -1626.40 -1183.17 -78.20 1.12 ; 40
 -1626.69 -1185.23 -78.50 0.93 ; 41
 -1625.93 -1187.06 -78.50 0.93 ; 42
 -1626.34 -1188.88 -78.50 0.93 ; 43
 -1625.46 -1189.77 -77.40 0.93 ; 44
 -1624.58 -1191.24 -77.40 1.12 ; 45
 -1623.81 -1193.06 -77.40 1.12 ; 46
 -1624.05 -1193.77 -77.40 0.74 ; 47
 -1622.93 -1195.71 -77.40 0.74 ; 48
 -1622.94 -1198.07 -77.40 0.93 ; 49
 -1620.58 -1199.24 -77.40 0.93 ; 50
 -1618.47 -1199.95 -77.40 1.68 ; 51
 -1617.35 -1201.89 -75.90 1.12 ; 52
 -1617.35 -1204.24 -75.90 0.74 ; 53
 -1617.53 -1206.54 -75.90 0.74 ; 54
 -1617.76 -1207.25 -75.85 1.12 ; 55
 -1617.06 -1209.84 -75.90 1.12 ; 56
 -1616.12 -1211.72 -74.55 0.93 ; 57
 -1615.30 -1212.78 -74.55 1.12 ; 58
 -1614.36 -1214.08 -74.55 1.12 ; 59
 -1611.42 -1214.66 -74.55 1.12 ; 60
 -1610.18 -1216.84 -74.55 1.12 ; 61
 -1609.89 -1220.08 -75.25 0.93 ; 62
 -1609.77 -1221.49 -75.25 0.93 ; 63
 -1608.30 -1222.37 -77.45 0.93 ; 64
 -1607.25 -1223.90 -77.45 0.93 ; 65
 -1606.54 -1225.32 -77.45 0.93 ; 66
 -1605.78 -1228.32 -77.45 0.93 ; 67
 -1605.37 -1230.03 -76.05 0.93 ; 68
 -1604.78 -1232.38 -76.05 0.93 ; 69
 -1603.25 -1233.68 -77.80 0.93 ; 70
 -1601.78 -1235.74 -77.80 0.93 ; 71
 -1600.84 -1237.03 -77.85 0.93 ; 72
 -1599.26 -1239.91 -75.05 0.93 ; 73
 -1598.20 -1243.21 -75.05 0.93 ; 74
 -1595.79 -1245.98 -75.80 0.93 ; 75
 -1593.97 -1247.57 -75.80 0.93 ; 76
 -1592.97 -1248.68 -72.95 0.93 ; 77
 -1592.50 -1249.63 -72.55 0.93 ; 78
 -1590.38 -1250.33 -72.15 0.93 ; 79
 -1589.85 -1252.86 -72.15 0.93 ; 80
 -1589.68 -1254.10 -72.15 0.93 ; 81
 -1587.45 -1255.63 -72.15 1.30 ; 82
 -1585.45 -1257.28 -69.70 1.12 ; 83
 -1584.27 -1258.45 -69.75 1.12 ; 84
 -1583.21 -1259.98 -69.70 1.12 ; 85
 -1582.45 -1260.63 -69.80 1.12 ; 86
 -1581.63 -1262.28 -69.70 0.93 ; 87
 -1580.69 -1263.58 -69.70 0.93 ; 88
 -1579.22 -1264.46 -69.70 0.93 ; 89
 -1577.92 -1266.46 -69.70 0.93 ; 90
 -1576.92 -1266.99 -70.15 1.12 ; 91
 -1575.22 -1269.52 -70.15 1.12 ; 92
 -1573.63 -1272.99 -70.15 0.19 ; 93
 Normal
 ; End of split
 |
 -1674.34 -1122.73 -99.40 0.93 ; 1; R-2
 -1671.98 -1124.50 -99.35 0.93 ; 2
 -1671.57 -1126.20 -98.40 0.93 ; 3
 -1670.10 -1127.67 -98.40 1.30 ; 4
 -1669.75 -1128.38 -98.45 1.30 ; 5
 -1668.93 -1130.03 -97.10 1.30 ; 6
 -1668.70 -1131.09 -97.10 1.12 ; 7
 -1668.52 -1132.32 -97.05 1.12 ; 8
 -1668.11 -1134.03 -96.65 0.37 ; 9
 -1666.87 -1134.44 -96.20 0.74 ; 10
 -1666.11 -1133.91 -96.20 0.74 ; 11
 -1664.17 -1134.56 -95.00 0.74 ; 12
 -1663.46 -1135.38 -95.00 0.74 ; 13
 -1661.99 -1136.85 -95.00 0.74 ; 14
 -1662.23 -1137.56 -94.95 0.74 ; 15
 -1660.53 -1140.09 -93.00 0.74 ; 16
 -1659.47 -1141.62 -93.00 0.93 ; 17
 -1657.35 -1142.92 -91.35 0.93 ; 18
 -1656.47 -1143.80 -91.30 1.30 ; 19
 -1654.35 -1144.51 -91.35 1.30 ; 20
 -1653.65 -1145.33 -91.35 0.93 ; 21
 -1651.65 -1146.98 -91.30 0.93 ; 22
 -1651.36 -1149.04 -88.35 1.30 ; 23
 -1650.06 -1151.04 -87.80 0.93 ; 24
 -1648.59 -1151.92 -87.80 1.30 ; 25
 -1647.65 -1153.22 -87.80 1.30 ; 26
 -1646.36 -1155.22 -86.05 1.30 ; 27
 -1644.42 -1157.04 -86.05 1.30 ; 28
 -1643.19 -1158.04 -84.55 1.30 ; 29
 -1641.54 -1158.39 -84.55 1.30 ; 30
 -1640.07 -1159.28 -84.50 1.30 ; 31
 -1640.19 -1162.57 -82.25 1.49 ; 32
 -1641.96 -1164.34 -82.25 1.49 ; 33
 -1641.84 -1166.34 -80.85 1.30 ; 34
 -1640.90 -1168.23 -80.80 1.30 ; 35
 -1640.14 -1170.05 -80.80 1.30 ; 36
 -1639.43 -1173.23 -78.20 1.30 ; 37
 -1640.26 -1175.70 -74.20 1.30 ; 38
 -1639.49 -1177.53 -74.20 1.30 ; 39
 -1637.44 -1180.18 -74.20 1.30 ; 40
 -1636.32 -1182.71 -71.85 1.30 ; 41
 -1634.97 -1183.94 -71.85 1.30 ; 42
 -1635.09 -1184.88 -71.85 1.30 ; 43
 -1635.73 -1186.24 -71.85 1.30 ; 44
 -1634.79 -1188.12 -69.45 1.49 ; 45
 -1633.15 -1190.83 -69.45 1.49 ; 46
 -1632.86 -1193.48 -68.05 1.12 ; 47
 -1632.44 -1194.60 -68.05 1.12 ; 48
 -1630.80 -1196.13 -65.05 1.12 ; 49
 -1629.86 -1198.01 -65.05 1.12 ; 50
 -1628.45 -1198.48 -60.45 1.30 ; 51
 -1626.33 -1199.78 -58.80 0.74 ; 52
 -1626.21 -1201.19 -58.75 1.49 ; 53
 -1624.51 -1203.72 -58.75 1.49 ; 54
 -1623.51 -1206.02 -56.15 0.56 ; 55
 -1622.75 -1207.84 -56.15 1.12 ; 56
 -1623.63 -1210.49 -56.15 1.12 ; 57
 -1623.93 -1211.37 -56.15 1.12 ; 58
 -1622.40 -1212.08 -55.40 1.12 ; 59
 -1620.46 -1213.31 -55.40 1.12 ; 60
 -1619.87 -1214.49 -55.40 1.12 ; 61
 -1619.28 -1216.26 -55.40 0.93 ; 62
 -1618.52 -1218.08 -54.60 0.93 ; 63
 -1617.17 -1219.91 -54.60 0.93 ; 64
 -1616.30 -1221.67 -52.70 1.30 ; 65
 -1615.77 -1222.44 -52.65 1.30 ; 66
 -1615.92 -1224.17 -51.90 1.49 ; 67
 -1615.46 -1225.60 -50.95 1.49 ; 68
 -1614.34 -1228.49 -50.95 1.49 ; 69
 -1613.34 -1230.97 -50.05 1.86 ; 70
 -1612.58 -1232.84 -49.45 2.05 ; 71
 Incomplete
 ; End of split
 ; End of tree

 Color DarkRed
 Dendrite
 -1681.87 -1112.77 -109.95 0.93 ; Root
 -1680.25 -1115.44 -106.35 0.93 ; 1; R
 -1679.32 -1119.23 -105.25 0.93 ; 2
 -1678.56 -1121.53 -104.40 0.93 ; 3
 -1678.16 -1122.39 -104.40 1.30 ; 4
 -1677.63 -1124.56 -103.85 1.12 ; 5
 -1677.32 -1126.59 -101.10 1.12 ; 6
 -1676.65 -1129.30 -100.65 1.12 ; 7
 -1675.98 -1130.47 -100.30 1.12 ; 8
 -1676.09 -1132.87 -99.25 1.49 ; 9
 -1676.03 -1134.46 -98.35 1.12 ; 10
 -1677.91 -1136.00 -98.40 1.12 ; 11
 -1676.97 -1137.88 -96.15 1.49 ; 12
 -1676.15 -1138.94 -96.15 1.49 ; 13
 -1675.56 -1140.70 -92.90 1.12 ; 14
 -1675.27 -1141.59 -92.90 1.12 ; 15
 -1676.45 -1144.53 -91.55 1.12 ; 16
 -1677.33 -1146.59 -91.50 1.12 ; 17
 -1677.57 -1148.47 -90.30 0.93 ; 18
 -1677.04 -1151.01 -90.30 1.12 ; 19
 -1676.57 -1152.54 -90.30 1.12 ; 20
 -1676.92 -1154.77 -87.50 1.49 ; 21
 -1676.22 -1156.78 -86.35 2.23 ; 22
 
 -1676.04 -1157.42 -85.00 0.37 ; 1; R-1
 
 -1677.16 -1156.66 -90.05 0.74 ; 1; R-1-1
 -1677.92 -1157.19 -90.05 0.37 ; 2
 -1677.75 -1159.01 -90.05 0.37 ; 3
 -1678.40 -1160.37 -90.00 0.37 ; 4
 -1679.63 -1161.13 -90.05 0.37 ; 5
 -1680.69 -1163.14 -88.65 0.37 ; 6
 -1679.75 -1166.20 -88.65 0.37 ; 7
 -1681.34 -1167.43 -88.65 0.37 ; 8
 -1681.87 -1169.61 -88.65 0.37 ; 9
 -1682.93 -1172.20 -86.90 0.37 ; 10
 -1682.17 -1173.44 -85.80 0.37 ; 11
 -1681.58 -1175.79 -85.85 0.37 ; 12
 -1681.58 -1176.97 -85.85 0.37 ; 13
 -1682.93 -1179.27 -83.70 0.37 ; 14
 -1683.35 -1181.68 -83.70 0.37 ; 15
 -1682.82 -1184.21 -83.70 0.37 ; 16
 -1684.00 -1187.15 -83.70 0.37 ; 17
 -1686.59 -1190.81 -83.70 0.37 ; 18
 -1687.29 -1192.93 -80.45 0.37 ; 19
 -1686.94 -1194.81 -79.65 0.37 ; 20
 -1687.71 -1197.10 -78.80 0.37 ; 21
 -1688.00 -1198.58 -74.75 0.37 ; 22
 -1690.12 -1200.23 -74.75 0.37 ; 23
 -1688.36 -1201.40 -76.10 0.37 ; 24
 -1689.42 -1202.82 -76.10 0.37 ; 25
 -1689.89 -1205.41 -76.00 0.37 ; 26
 -1689.18 -1207.41 -76.00 0.37 ; 27
 -1689.36 -1210.88 -76.00 0.37 ; 28
 -1690.07 -1212.41 -74.65 0.37 ; 29
 -1688.83 -1215.77 -74.60 0.37 ; 30
 -1690.72 -1218.48 -72.45 0.37 ; 31
 -1692.37 -1222.24 -71.65 0.56 ; 32
 -1691.95 -1224.54 -71.65 0.56 ; 33
 -1693.01 -1227.13 -70.60 0.56 ; 34
 -1693.43 -1227.78 -70.60 0.56 ; 35
 -1694.07 -1230.90 -69.50 0.74 ; 36
 -1695.19 -1231.90 -69.50 0.74 ; 37
 -1696.25 -1232.72 -68.60 0.37 ; 38
 -1696.66 -1234.55 -68.60 0.56 ; 39
 -1695.61 -1236.08 -68.00 0.37 ; 40
 -1696.08 -1237.49 -68.00 0.56 ; 41
 -1695.37 -1239.49 -66.50 0.37 ; 42
 -1696.90 -1240.55 -66.50 0.56 ; 43
 -1698.43 -1241.61 -66.50 0.56 ; 44
 -1698.73 -1242.50 -66.50 0.93 ; 45
 -1700.26 -1244.15 -66.45 0.74 ; 46
 -1700.67 -1245.38 -66.45 0.74 ; 47
 -1699.67 -1246.50 -66.45 0.74 ; 48
 -1701.38 -1248.68 -65.70 0.74 ; 49
 -1702.79 -1251.15 -65.70 1.12 ; 50
 -1702.61 -1252.98 -65.70 1.12 ; 51
 -1704.26 -1255.57 -65.55 0.93 ; 52
 High
 |
 -1676.16 -1159.54 -84.40 0.37 ; 1; R-1-2
 -1677.10 -1160.60 -84.40 0.37 ; 2
 -1678.22 -1163.37 -84.40 0.37 ; 3
 -1679.58 -1165.08 -82.75 0.37 ; 4
 -1678.58 -1166.20 -80.45 0.93 ; 5
 -1678.11 -1167.73 -80.45 1.30 ; 6
 -1678.34 -1169.02 -79.55 0.56 ; 7
 -1678.34 -1170.79 -79.55 0.56 ; 8
 -1677.76 -1173.14 -77.65 0.56 ; 9
 -1677.35 -1175.44 -77.60 0.56 ; 10
 -1677.76 -1176.67 -76.85 0.93 ; 11
 -1677.58 -1178.50 -74.30 0.93 ; 12
 -1677.23 -1180.38 -71.70 0.74 ; 13
 -1677.53 -1181.27 -71.75 0.74 ; 14
 -1677.35 -1183.09 -70.65 0.37 ; 15
 -1678.88 -1184.74 -70.65 0.37 ; 16
 -1678.76 -1187.92 -70.05 0.37 ; 17
 -1679.06 -1189.39 -70.00 0.37 ; 18
 -1679.29 -1191.86 -70.00 0.37 ; 19
 -1678.35 -1192.57 -69.05 0.37 ; 20
 -1677.59 -1193.22 -69.00 0.37 ; 21
 -1676.41 -1194.98 -67.90 0.37 ; 22
 -1676.30 -1196.39 -67.90 0.37 ; 23
 -1677.77 -1199.04 -65.80 0.37 ; 24
 -1678.24 -1202.81 -65.80 0.37 ; 25
 -1677.66 -1205.17 -65.80 0.37 ; 26
 -1677.83 -1208.05 -64.40 0.37 ; 27
 -1677.01 -1209.11 -64.40 0.37 ; 28
 -1675.78 -1210.70 -61.70 0.37 ; 29
 -1676.01 -1212.58 -61.70 0.37 ; 30
 -1675.90 -1214.59 -61.10 0.37 ; 31
 -1676.13 -1217.06 -59.10 1.12 ; 32
 -1673.90 -1218.00 -59.10 1.86 ; 33
 -1672.02 -1220.00 -59.10 1.86 ; 34
 -1671.96 -1222.18 -59.10 1.49 ; 35
 -1669.67 -1224.71 -57.95 0.74 ; 36
 -1669.49 -1225.36 -58.05 0.74 ; 37
 -1669.85 -1227.59 -56.10 0.74 ; 38
 -1669.55 -1228.48 -56.05 0.74 ; 39
 -1666.08 -1229.83 -56.05 0.74 ; 40
 -1664.67 -1232.07 -54.30 1.86 ; 41
 -1663.20 -1233.54 -54.35 1.12 ; 42
 -1663.56 -1235.78 -53.80 1.12 ; 43
 -1663.74 -1239.25 -53.80 0.74 ; 44
 -1662.03 -1241.19 -53.50 0.74 ; 45
 -1659.15 -1242.54 -53.55 0.74 ; 46
 -1657.92 -1244.72 -53.50 0.74 ; 47
 -1657.68 -1245.78 -53.50 0.74 ; 48
 -1658.05 -1247.81 -53.45 1.12 ; 49
 -1659.15 -1249.49 -53.45 1.12 ; 50
 -1657.35 -1252.71 -53.50 1.12 ; 51
 -1657.43 -1254.02 -53.45 1.12 ; 52
 -1656.83 -1256.62 -53.45 0.93 ; 53
 -1655.19 -1257.91 -53.50 0.93 ; 54
 -1656.62 -1259.32 -51.75 0.93 ; 55
 -1657.73 -1261.94 -50.25 0.93 ; 56
 -1657.99 -1263.22 -50.25 0.93 ; 57
 -1656.18 -1265.49 -48.40 0.74 ; 58
 -1655.75 -1266.15 -48.40 0.93 ; 59
 -1655.00 -1268.02 -47.50 0.93 ; 60
 -1654.53 -1268.50 -47.50 0.93 ; 61
 -1655.67 -1270.35 -46.95 0.93 ; 62
 -1655.39 -1272.69 -46.15 0.93 ; 63
 -1654.26 -1273.68 -44.25 0.93 ; 64
 -1653.51 -1276.50 -43.00 0.93 ; 65
 -1653.75 -1278.54 -41.00 0.93 ; 66
 -1654.04 -1279.05 -41.00 0.93 ; 67
 -1654.20 -1280.73 -41.00 0.93 ; 68
 Normal
 ; End of split
 |
 -1674.22 -1158.42 -86.35 1.30 ; 1; R-2
 -1674.28 -1159.19 -86.35 1.30 ; 2
 -1674.28 -1161.54 -84.80 1.12 ; 3
 -1676.22 -1164.43 -84.80 1.12 ; 4
 -1676.34 -1168.90 -84.05 1.12 ; 5
 -1675.46 -1170.96 -84.05 1.12 ; 6
 -1674.29 -1173.32 -84.05 0.93 ; 7
 -1675.76 -1175.38 -82.05 0.93 ; 8
 -1674.99 -1177.20 -82.10 1.12 ; 9
 -1673.29 -1178.56 -80.55 1.12 ; 10
 -1674.11 -1181.03 -79.65 1.12 ; 11
 -1673.88 -1183.27 -79.10 1.30 ; 12
 -1673.71 -1185.09 -79.10 1.30 ; 13
 -1673.18 -1187.03 -79.10 0.93 ; 14
 -1673.59 -1190.04 -78.90 0.93 ; 15
 -1673.65 -1192.57 -78.90 1.30 ; 16
 -1672.95 -1195.16 -78.90 1.30 ; 17
 
 -1672.24 -1196.57 -76.50 0.37 ; 1; R-2-1
 -1670.06 -1197.10 -75.80 0.19 ; 2
 -1669.30 -1198.92 -75.80 0.19 ; 3
 -1669.95 -1201.46 -75.80 0.19 ; 4
 -1670.66 -1204.75 -75.30 0.19 ; 5
 -1670.30 -1206.05 -75.35 0.19 ; 6
 -1668.66 -1207.58 -74.95 0.19 ; 7
 -1668.42 -1209.23 -74.95 0.37 ; 8
 -1667.66 -1210.46 -74.95 0.37 ; 9
 -1665.84 -1211.46 -74.95 0.37 ; 10
 -1665.25 -1213.82 -73.40 0.37 ; 11
 -1665.72 -1215.82 -73.40 0.37 ; 12
 -1665.61 -1217.82 -72.85 0.37 ; 13
 -1664.67 -1220.29 -71.35 0.74 ; 14
 -1663.02 -1221.82 -67.55 0.74 ; 15
 -1661.73 -1221.47 -67.50 0.74 ; 16
 -1659.85 -1221.70 -65.75 1.12 ; 17
 -1657.85 -1222.76 -65.70 1.12 ; 18
 -1657.61 -1223.82 -65.75 1.12 ; 19
 -1657.67 -1225.77 -64.85 0.74 ; 20
 -1657.50 -1227.59 -64.85 0.74 ; 21
 -1657.26 -1228.65 -62.65 0.74 ; 22
 -1654.56 -1229.35 -62.65 0.74 ; 23
 -1654.73 -1230.47 -63.55 1.49 ; 24
 -1653.91 -1231.53 -63.55 1.49 ; 25
 -1653.50 -1233.24 -62.65 1.49 ; 26
 -1652.50 -1234.95 -62.65 2.05 ; 27
 
 -1652.85 -1236.60 -62.55 0.56 ; 1; R-2-1-1
 -1653.80 -1238.83 -62.55 0.56 ; 2
 -1654.09 -1240.30 -62.55 0.19 ; 3
 -1652.86 -1241.31 -62.55 0.19 ; 4
 -1652.15 -1242.72 -61.55 0.19 ; 5
 -1652.39 -1244.01 -61.55 0.74 ; 6
 -1651.27 -1244.78 -60.60 0.74 ; 7
 -1650.51 -1246.01 -60.55 0.93 ; 8
 -1649.21 -1246.25 -60.55 0.93 ; 9
 -1647.69 -1246.96 -59.85 0.56 ; 10
 -1647.45 -1249.19 -59.85 0.56 ; 11
 -1646.75 -1251.19 -59.90 0.56 ; 12
 -1647.63 -1252.08 -58.60 0.56 ; 13
 -1648.28 -1254.61 -58.60 0.56 ; 14
 -1648.81 -1256.79 -58.60 0.56 ; 15
 -1647.75 -1258.32 -58.60 0.56 ; 16
 -1647.57 -1259.55 -58.60 0.56 ; 17
 -1646.34 -1261.73 -58.60 0.56 ; 18
 -1643.93 -1263.32 -58.10 0.37 ; 19
 -1643.58 -1265.20 -58.10 0.37 ; 20
 -1643.11 -1266.15 -58.10 0.37 ; 21
 -1642.93 -1267.97 -58.10 0.37 ; 22
 -1641.29 -1268.91 -58.10 0.37 ; 23
 Normal
 |
 -1651.03 -1236.42 -61.60 1.49 ; 1; R-2-1-2
 -1650.21 -1237.48 -61.60 1.49 ; 2
 -1649.03 -1238.66 -63.60 1.12 ; 3
 -1648.21 -1240.89 -63.60 1.49 ; 4
 -1646.86 -1242.13 -63.60 1.30 ; 5
 -1646.10 -1242.19 -63.60 1.49 ; 6
 -1645.15 -1242.89 -63.60 1.49 ; 7
 -1644.68 -1244.42 -63.60 1.12 ; 8
 -1643.27 -1245.48 -63.60 1.12 ; 9
 -1641.92 -1247.90 -62.95 1.12 ; 10
 -1642.28 -1248.96 -62.95 1.12 ; 11
 -1641.16 -1250.90 -64.00 1.49 ; 12
 -1640.93 -1252.55 -64.00 1.49 ; 13
 -1640.22 -1253.37 -64.00 1.49 ; 14
 -1640.10 -1255.96 -64.00 1.12 ; 15
 -1640.05 -1256.96 -64.00 1.12 ; 16
 -1638.99 -1257.31 -64.00 1.12 ; 17
 -1637.93 -1257.08 -64.00 1.12 ; 18
 -1636.75 -1258.84 -64.00 1.12 ; 19
 -1635.52 -1259.84 -64.00 1.12 ; 20
 -1634.99 -1261.20 -64.00 1.12 ; 21
 -1635.52 -1262.79 -65.35 1.12 ; 22
 -1635.52 -1263.96 -65.40 1.12 ; 23
 -1633.70 -1264.38 -65.40 1.12 ; 24
 -1631.70 -1264.85 -65.35 1.12 ; 25
 -1631.29 -1266.55 -65.35 1.12 ; 26
 -1629.88 -1268.79 -65.40 1.12 ; 27
 -1628.17 -1270.73 -65.35 1.12 ; 28
 -1627.41 -1271.38 -66.25 1.12 ; 29
 -1625.76 -1272.91 -66.20 1.12 ; 30
 -1624.35 -1274.56 -66.25 1.12 ; 31
 -1621.30 -1275.38 -66.20 1.12 ; 32
 -1618.94 -1277.73 -66.25 0.93 ; 33
 -1616.24 -1279.62 -66.20 0.93 ; 34
 -1615.54 -1280.44 -66.25 0.93 ; 35
 -1613.65 -1281.85 -67.95 0.74 ; 36
 -1611.54 -1282.56 -68.65 0.74 ; 37
 -1609.83 -1282.74 -68.65 0.74 ; 38
 -1607.19 -1283.62 -68.65 0.37 ; 39
 -1605.48 -1285.56 -68.65 0.37 ; 40
 -1604.01 -1287.03 -66.75 0.37 ; 41
 Normal
 ; End of split
 |
 -1673.89 -1196.81 -79.65 0.56 ; 1; R-2-2
 -1674.53 -1198.16 -79.65 0.56 ; 2
 -1674.01 -1198.93 -79.65 0.56 ; 3
 -1674.30 -1201.57 -78.60 0.56 ; 4
 -1675.48 -1203.93 -78.60 0.56 ; 5
 -1676.36 -1206.58 -77.60 0.74 ; 6
 -1677.19 -1209.05 -77.60 0.74 ; 7
 -1676.31 -1211.11 -77.60 0.74 ; 8
 -1676.19 -1213.70 -77.30 0.74 ; 9
 -1678.37 -1217.29 -76.50 0.74 ; 10
 -1678.07 -1219.35 -76.50 0.74 ; 11
 -1676.90 -1221.12 -77.45 0.74 ; 12
 -1677.31 -1222.95 -77.45 0.74 ; 13
 -1677.31 -1224.71 -77.45 1.12 ; 14
 -1676.31 -1225.83 -77.45 1.12 ; 15
 -1676.79 -1229.01 -77.55 0.74 ; 16
 -1678.08 -1229.95 -77.55 0.74 ; 17
 -1678.79 -1232.66 -76.40 0.74 ; 18
 -1677.73 -1233.60 -76.40 0.74 ; 19
 -1678.79 -1236.78 -76.40 0.74 ; 20
 -1678.02 -1238.61 -76.40 0.74 ; 21
 -1679.97 -1241.49 -77.00 0.74 ; 22
 -1681.20 -1243.43 -76.95 0.74 ; 23
 -1681.03 -1244.08 -76.95 0.74 ; 24
 -1681.67 -1246.02 -76.95 0.74 ; 25
 -1682.62 -1247.08 -76.95 0.74 ; 26
 -1681.85 -1249.50 -75.85 0.74 ; 27
 -1681.85 -1251.85 -75.85 0.74 ; 28
 -1681.44 -1255.32 -75.85 0.74 ; 29
 -1681.80 -1256.39 -75.85 0.74 ; 30
 -1683.39 -1259.98 -75.85 0.74 ; 31
 -1682.21 -1262.33 -74.70 0.56 ; 32
 -1681.74 -1263.86 -74.70 0.93 ; 33
 -1681.74 -1267.39 -74.70 0.93 ; 34
 -1681.75 -1269.75 -72.75 0.74 ; 35
 -1683.16 -1272.22 -72.75 0.74 ; 36
 -1683.04 -1275.40 -69.95 0.74 ; 37
 -1684.51 -1278.05 -68.30 0.56 ; 38
 -1684.46 -1279.64 -68.30 0.93 ; 39
 -1683.46 -1280.76 -68.30 0.37 ; 40
 -1684.99 -1282.41 -68.30 0.37 ; 41
 -1685.69 -1283.94 -68.30 0.37 ; 42
 -1685.28 -1284.47 -68.30 0.37 ; 43
 -1683.87 -1283.76 -68.30 0.37 ; 44
 Normal
 ; End of split
 ; End of split
 ; End of tree

 Color RGB 0; 64; 0
 Dendrite
 -1690.62 -1111.48 -115.45 0.93 ; Root
 -1692.39 -1112.87 -116.20 0.93 ; 1; R
 -1694.29 -1113.72 -116.20 0.93 ; 2
 
 -1696.05 -1113.58 -115.35 0.56 ; 1; R-1
 -1699.22 -1114.74 -114.80 0.56 ; 2
 -1702.83 -1114.10 -114.60 0.56 ; 3
 -1705.27 -1115.85 -115.10 1.12 ; 4
 
 -1706.59 -1117.51 -115.10 0.56 ; 1; R-1-1
 -1708.40 -1118.73 -112.30 0.56 ; 2
 -1708.46 -1122.38 -112.25 0.56 ; 3
 -1712.30 -1123.13 -112.30 0.56 ; 4
 -1715.66 -1127.41 -112.95 0.56 ; 5
 -1715.22 -1130.74 -111.75 0.56 ; 6
 -1717.91 -1137.73 -111.75 0.74 ; 7
 -1719.52 -1143.67 -111.75 0.74 ; 8
 -1720.57 -1147.19 -111.75 0.74 ; 9
 -1724.01 -1148.80 -109.45 0.74 ; 10
 -1724.29 -1151.55 -109.45 0.74 ; 11
 -1723.89 -1153.17 -111.00 0.74 ; 12
 -1729.97 -1159.65 -111.65 0.74 ; 13
 -1727.59 -1162.32 -111.65 0.74 ; 14
 -1729.59 -1165.87 -111.25 0.93 ; 15
 -1730.60 -1170.33 -111.70 0.74 ; 16
 -1732.19 -1173.21 -113.40 0.74 ; 17
 -1731.43 -1174.75 -114.30 0.74 ; 18
 -1732.49 -1179.80 -114.50 0.74 ; 19
 -1734.90 -1184.80 -114.50 0.74 ; 20
 -1735.08 -1184.84 -117.30 1.12 ; 21
 
 -1737.48 -1188.48 -115.55 0.93 ; 1; R-1-1-1
 -1738.62 -1192.40 -113.20 0.93 ; 2
 -1738.09 -1196.10 -111.05 0.93 ; 3
 -1739.32 -1198.13 -109.95 0.93 ; 4
 -1741.41 -1200.56 -108.70 0.93 ; 5
 -1742.27 -1202.49 -107.45 1.12 ; 6
 
 -1744.63 -1205.37 -107.40 0.74 ; 1; R-1-1-1-1
 -1745.86 -1208.16 -105.95 0.74 ; 2
 -1749.31 -1212.08 -105.95 0.74 ; 3
 -1753.75 -1215.08 -104.75 0.74 ; 4
 -1757.83 -1220.30 -103.25 0.74 ; 5
 -1764.76 -1224.11 -103.25 0.74 ; 6
 -1771.88 -1231.03 -103.25 0.74 ; 7
 -1773.88 -1235.35 -103.25 0.74 ; 8
 -1775.42 -1237.65 -103.25 0.74 ; 9
 -1778.14 -1238.32 -103.25 0.74 ; 10
 -1785.98 -1246.95 -103.25 0.74 ; 11
 -1790.96 -1248.55 -103.25 0.74 ; 12
 -1792.10 -1252.47 -103.25 0.74 ; 13
 -1799.16 -1256.51 -103.25 0.74 ; 14
 -1804.28 -1261.41 -102.55 0.74 ; 15
 -1805.42 -1263.03 -102.20 0.74 ; 16
 High
 |
 -1741.52 -1207.10 -107.45 0.74 ; 1; R-1-1-1-2
 -1743.20 -1208.85 -105.10 0.74 ; 2
 -1743.81 -1213.40 -104.45 0.74 ; 3
 -1746.31 -1218.04 -102.75 0.74 ; 4
 -1747.72 -1220.88 -102.05 0.74 ; 5
 High
 ; End of split
 |
 -1734.88 -1189.58 -117.55 0.93 ; 1; R-1-1-2
 -1736.79 -1192.73 -122.00 0.93 ; 2
 -1739.89 -1200.38 -122.00 0.93 ; 3
 -1741.02 -1202.00 -119.35 0.93 ; 4
 -1741.35 -1205.34 -122.00 0.93 ; 5
 -1741.00 -1206.78 -124.45 0.93 ; 6
 -1741.06 -1210.44 -124.70 0.93 ; 7
 -1741.57 -1213.82 -124.70 0.93 ; 8
 -1742.07 -1216.43 -124.70 0.93 ; 9
 
 -1744.41 -1217.96 -124.65 0.56 ; 1; R-1-1-2-1
 -1746.95 -1220.11 -121.80 0.56 ; 2
 -1748.63 -1223.40 -121.15 0.56 ; 3
 -1750.01 -1227.95 -120.15 0.56 ; 4
 -1754.08 -1230.87 -119.65 0.56 ; 5
 -1755.19 -1236.50 -119.05 0.56 ; 6
 -1755.51 -1237.54 -119.05 0.56 ; 7
 -1757.46 -1239.74 -118.70 0.56 ; 8
 -1760.22 -1241.76 -117.85 0.56 ; 9
 -1760.32 -1242.93 -117.55 0.93 ; 10
 -1760.46 -1243.92 -117.55 0.56 ; 11
 -1761.77 -1245.59 -116.25 0.56 ; 12
 -1766.75 -1247.96 -116.20 0.56 ; 13
 -1767.66 -1250.48 -114.05 0.56 ; 14
 Normal
 |
 -1743.08 -1220.13 -124.70 0.74 ; 1; R-1-1-2-2
 -1742.33 -1223.96 -124.70 0.74 ; 2
 -1742.26 -1228.16 -124.70 0.74 ; 3
 -1743.48 -1231.90 -127.40 0.74 ; 4
 -1742.18 -1235.60 -127.45 0.74 ; 5
 -1742.59 -1237.04 -129.10 0.74 ; 6
 -1739.76 -1239.98 -131.00 0.74 ; 7
 -1741.31 -1243.04 -132.05 0.74 ; 8
 -1743.26 -1246.01 -132.15 0.56 ; 9
 Normal
 ; End of split
 ; End of split
 |
 -1708.52 -1115.12 -115.05 0.74 ; 1; R-1-2
 -1710.92 -1117.05 -116.20 0.74 ; 2
 -1714.85 -1117.44 -116.90 0.74 ; 3
 -1718.43 -1119.28 -116.90 0.74 ; 4
 -1721.50 -1119.27 -121.45 0.74 ; 5
 -1724.13 -1123.36 -121.90 0.74 ; 6
 -1724.24 -1126.83 -122.80 0.74 ; 7
 -1729.71 -1129.52 -125.00 0.74 ; 8
 -1734.83 -1132.89 -125.05 0.74 ; 9
 -1738.99 -1135.44 -126.90 0.74 ; 10
 -1743.88 -1139.71 -128.15 0.74 ; 11
 -1747.42 -1142.49 -129.00 0.74 ; 12
 -1750.22 -1143.57 -130.25 0.74 ; 13
 -1751.03 -1143.38 -130.25 0.56 ; 14
 -1754.42 -1144.41 -132.60 0.56 ; 15
 Normal
 ; End of split
 |
 -1695.97 -1115.48 -116.25 0.93 ; 1; R-2
 -1698.10 -1116.96 -117.90 0.93 ; 2
 -1700.49 -1117.35 -119.15 0.93 ; 3
 -1703.84 -1120.09 -120.85 0.93 ; 4
 -1705.75 -1122.48 -122.80 0.93 ; 5
 -1709.24 -1124.68 -124.70 0.93 ; 6
 -1714.32 -1132.05 -126.85 0.93 ; 7
 -1716.91 -1134.80 -128.35 0.93 ; 8
 -1721.97 -1136.04 -129.95 0.93 ; 9
 -1722.29 -1137.84 -129.95 0.93 ; 10
 -1730.68 -1145.08 -129.30 0.93 ; 11
 -1733.00 -1149.67 -131.65 0.93 ; 12
 -1736.95 -1154.66 -132.45 0.93 ; 13
 -1740.70 -1156.54 -133.40 0.93 ; 14
 -1741.93 -1157.80 -133.65 0.93 ; 15
 
 -1746.85 -1157.29 -133.60 0.74 ; 1; R-2-1
 -1748.35 -1160.53 -134.00 0.74 ; 2
 -1750.70 -1161.11 -131.70 0.74 ; 3
 -1753.37 -1161.96 -130.75 0.56 ; 4
 Normal
 |
 -1744.61 -1162.48 -133.65 0.93 ; 1; R-2-2
 -1747.66 -1168.02 -136.00 0.93 ; 2
 Low
 ; End of split
 ; End of split
 ; End of tree

 Color Red
 Apical
 -1680.38 -1087.31 -110.15 5.21 ; Root
 -1679.65 -1086.36 -115.25 5.21 ; 1; R
 -1680.19 -1085.73 -119.00 5.03 ; 2
 -1679.82 -1084.87 -120.20 4.65 ; 3
 -1679.50 -1083.07 -120.55 4.28 ; 4
 -1679.58 -1080.41 -120.55 3.54 ; 5
 -1679.65 -1075.45 -121.80 3.35 ; 6
 -1679.58 -1069.50 -121.75 3.17 ; 7
 -1679.55 -1062.60 -121.35 3.17 ; 8
 -1677.90 -1055.30 -121.35 2.98 ; 9
 -1675.04 -1051.34 -122.55 2.98 ; 10
 -1672.72 -1048.28 -124.55 3.17 ; 11
 -1669.19 -1044.73 -126.85 2.98 ; 12
 -1666.78 -1040.50 -127.70 2.79 ; 13
 -1663.91 -1035.00 -128.30 2.79 ; 14
 -1662.67 -1029.91 -128.35 2.79 ; 15
 -1664.54 -1024.63 -128.70 2.79 ; 16
 -1666.02 -1020.97 -127.35 2.79 ; 17
 -1667.09 -1017.40 -126.10 2.61 ; 18
 -1666.76 -1014.83 -125.05 2.61 ; 19
 -1664.04 -1011.10 -125.05 2.61 ; 20
 -1660.19 -1008.05 -124.25 2.61 ; 21
 -1657.46 -1003.55 -124.05 2.61 ; 22
 -1656.99 -999.22 -122.70 2.61 ; 23
 -1656.30 -995.03 -121.50 2.61 ; 24
 -1655.82 -989.93 -120.15 2.61 ; 25
 -1653.64 -985.56 -120.15 2.61 ; 26
 -1650.59 -980.03 -120.15 2.79 ; 27
 -1646.43 -975.85 -120.10 2.79 ; 28
 -1644.89 -973.55 -120.10 2.42 ; 29
 -1646.37 -970.66 -120.10 2.61 ; 30
 -1649.47 -968.17 -120.10 3.54 ; 31
 
 -1653.61 -965.25 -120.10 2.05 ; 1; R-1
 -1657.20 -960.01 -120.10 2.05 ; 2
 -1659.31 -955.36 -120.35 2.05 ; 3
 -1661.00 -950.03 -118.65 2.05 ; 4
 -1661.47 -944.21 -117.95 2.05 ; 5
 -1665.33 -938.65 -116.40 2.05 ; 6
 -1668.21 -934.76 -114.45 2.05 ; 7
 -1670.26 -928.75 -113.00 2.05 ; 8
 -1673.22 -922.97 -112.95 2.05 ; 9
 -1674.47 -919.45 -112.10 2.05 ; 10
 -1675.84 -913.09 -109.85 2.05 ; 11
 -1678.21 -907.35 -106.85 2.05 ; 12
 -1677.05 -898.83 -106.80 2.05 ; 13
 -1678.47 -893.82 -107.65 2.05 ; 14
 -1675.01 -886.07 -109.55 2.05 ; 15
 -1673.05 -881.57 -109.55 2.05 ; 16
 -1671.50 -877.74 -109.55 2.05 ; 17
 -1671.70 -871.47 -107.30 2.05 ; 18
 -1668.07 -868.28 -107.30 1.86 ; 19
 -1663.67 -862.03 -108.20 1.86 ; 20
 -1660.67 -858.61 -108.20 1.86 ; 21
 -1654.88 -854.12 -106.50 1.86 ; 22
 -1654.71 -847.00 -108.75 1.86 ; 23
 -1655.37 -841.22 -109.85 1.86 ; 24
 -1649.25 -835.69 -111.85 1.68 ; 25
 -1648.96 -830.64 -110.35 1.68 ; 26
 -1647.05 -829.03 -108.80 1.68 ; 27
 
 -1647.06 -824.42 -108.15 2.23 ; 1; R-1-1
 -1645.27 -817.66 -110.40 2.05 ; 2
 -1642.44 -810.45 -110.90 1.68 ; 3
 -1642.36 -802.20 -111.35 1.68 ; 4
 -1642.59 -792.68 -111.40 1.86 ; 5
 -1642.48 -786.91 -111.20 1.86 ; 6
 -1640.66 -784.17 -110.55 1.68 ; 7
 -1640.85 -775.60 -114.50 1.86 ; 8
 -1642.36 -769.46 -112.25 1.86 ; 9
 -1641.70 -760.49 -112.25 1.86 ; 10
 -1645.63 -750.73 -111.15 1.86 ; 11
 -1647.91 -745.36 -113.95 1.86 ; 12
 -1645.90 -739.50 -109.70 1.68 ; 13
 -1644.84 -732.92 -111.90 1.68 ; 14
 -1643.33 -728.14 -111.90 1.68 ; 15
 -1644.03 -722.96 -114.65 1.68 ; 16
 -1641.01 -718.23 -112.05 1.68 ; 17
 -1637.02 -713.42 -111.25 1.68 ; 18
 -1634.15 -707.93 -112.50 1.68 ; 19
 -1634.57 -701.52 -112.40 1.68 ; 20
 -1632.97 -695.57 -112.35 1.68 ; 21
 -1631.90 -688.99 -110.10 1.68 ; 22
 -1628.82 -685.17 -108.75 1.68 ; 23
 -1624.25 -683.47 -108.75 1.68 ; 24
 -1623.96 -682.34 -108.75 1.68 ; 25
 
 -1619.27 -679.34 -107.65 1.12 ; 1; R-1-1-1
 -1617.30 -677.71 -107.05 1.12 ; 2
 -1616.17 -675.79 -107.05 1.12 ; 3
 -1615.93 -674.49 -106.00 0.93 ; 4
 -1616.81 -673.02 -105.95 1.49 ; 5
 -1617.34 -671.08 -104.10 1.49 ; 6
 -1616.52 -669.19 -102.60 1.49 ; 7
 -1617.87 -666.19 -101.05 1.12 ; 8
 -1616.69 -665.01 -97.40 1.49 ; 9
 -1614.87 -663.66 -97.40 1.49 ; 10
 -1615.75 -661.60 -93.35 1.30 ; 11
 -1615.63 -659.48 -91.85 1.30 ; 12
 -1615.22 -657.65 -91.95 1.30 ; 13
 -1613.86 -655.95 -91.85 1.12 ; 14
 -1613.45 -654.71 -91.90 0.74 ; 15
 -1615.33 -652.71 -91.85 0.74 ; 16
 -1616.15 -651.65 -91.20 0.74 ; 17
 -1616.80 -650.65 -91.20 0.93 ; 18
 -1616.33 -649.24 -91.15 0.93 ; 19
 -1615.56 -647.53 -91.15 0.93 ; 20
 -1613.97 -646.29 -88.75 0.56 ; 21
 -1612.27 -644.70 -88.80 0.56 ; 22
 -1613.74 -642.05 -87.00 0.56 ; 23
 -1614.27 -640.11 -87.00 0.56 ; 24
 -1614.44 -638.87 -87.00 0.93 ; 25
 -1616.15 -636.93 -87.00 0.93 ; 26
 -1615.56 -635.75 -87.00 0.74 ; 27
 -1615.20 -632.93 -87.00 0.74 ; 28
 -1616.79 -631.22 -86.95 0.56 ; 29
 -1618.32 -628.75 -85.20 0.93 ; 30
 -1617.38 -627.10 -85.15 1.30 ; 31
 -1616.49 -625.04 -85.15 1.30 ; 32
 -1615.37 -623.45 -84.35 0.93 ; 33
 -1615.20 -621.15 -84.35 0.93 ; 34
 -1615.37 -618.15 -81.95 0.93 ; 35
 -1614.31 -616.15 -81.95 0.93 ; 36
 -1614.43 -614.15 -80.30 0.74 ; 37
 -1614.07 -610.73 -80.35 0.74 ; 38
 -1612.60 -609.85 -78.70 0.93 ; 39
 -1614.31 -607.91 -78.65 0.74 ; 40
 -1614.60 -607.61 -78.65 0.74 ; 41
 -1614.37 -604.55 -78.00 0.74 ; 42
 -1614.31 -603.20 -78.00 0.74 ; 43
 -1614.79 -600.36 -77.35 0.74 ; 44
 -1616.26 -598.30 -77.30 0.93 ; 45
 -1616.67 -596.60 -77.30 0.93 ; 46
 -1618.32 -593.89 -77.30 0.93 ; 47
 -1618.20 -589.41 -75.20 0.93 ; 48
 -1617.31 -586.18 -73.95 0.93 ; 49
 -1618.02 -585.35 -73.95 0.93 ; 50
 -1620.61 -582.53 -73.95 0.93 ; 51
 -1622.43 -577.99 -73.95 0.93 ; 52
 -1622.48 -574.64 -73.95 0.93 ; 53
 -1623.36 -570.81 -76.35 0.93 ; 54
 -1623.48 -568.22 -76.30 0.93 ; 55
 -1623.60 -564.46 -76.30 0.93 ; 56
 -1623.71 -563.63 -72.25 1.12 ; 57
 -1622.83 -562.75 -70.65 1.12 ; 58
 -1622.24 -561.57 -69.50 1.12 ; 59
 -1621.48 -559.86 -68.70 0.74 ; 60
 -1620.42 -557.86 -68.70 0.74 ; 61
 -1620.36 -556.51 -66.85 0.74 ; 62
 -1621.12 -555.27 -65.70 0.56 ; 63
 -1621.24 -553.27 -65.65 0.93 ; 64
 -1620.94 -551.80 -63.65 0.93 ; 65
 -1621.35 -550.68 -62.45 0.56 ; 66
 -1620.94 -550.03 -62.45 0.56 ; 67
 -1619.35 -548.21 -62.40 0.56 ; 68
 -1618.82 -546.03 -62.45 0.56 ; 69
 -1617.76 -543.44 -62.45 0.56 ; 70
 -1617.47 -542.55 -62.40 1.30 ; 71
 -1616.47 -541.32 -62.70 0.93 ; 72
 -1615.76 -539.20 -62.70 0.93 ; 73
 -1616.05 -537.73 -62.70 0.19 ; 74
 -1614.58 -535.67 -62.70 0.19 ; 75
 -1614.82 -533.43 -62.70 0.19 ; 76
 Normal
 |
 -1621.58 -681.09 -108.75 1.68 ; 1; R-1-1-2
 -1619.89 -676.27 -112.95 1.68 ; 2
 -1617.75 -672.49 -112.95 1.68 ; 3
 -1618.59 -668.29 -113.00 1.68 ; 4
 -1616.00 -665.55 -115.30 1.68 ; 5
 -1612.93 -664.79 -116.15 1.30 ; 6
 -1611.46 -659.07 -116.20 1.30 ; 7
 -1609.83 -656.37 -118.90 1.30 ; 8
 -1608.00 -650.56 -122.70 1.30 ; 9
 -1606.13 -645.70 -123.10 1.30 ; 10
 -1602.14 -641.65 -124.80 1.30 ; 11
 -1596.07 -637.48 -126.00 1.30 ; 12
 -1592.71 -633.97 -127.55 1.30 ; 13
 -1592.88 -630.18 -131.30 1.30 ; 14
 -1588.34 -625.24 -131.30 1.30 ; 15
 -1586.97 -620.69 -131.45 1.30 ; 16
 -1584.43 -617.00 -131.80 1.30 ; 17
 -1585.09 -613.52 -135.40 1.30 ; 18
 -1585.22 -611.45 -136.80 1.49 ; 19
 
 -1587.51 -608.48 -136.00 1.68 ; 1; R-1-1-2-1
 -1588.04 -605.55 -136.35 1.68 ; 2
 -1589.65 -603.65 -135.80 1.68 ; 3
 -1589.37 -599.36 -135.75 1.68 ; 4
 -1587.19 -597.29 -135.75 1.68 ; 5
 -1589.20 -592.24 -136.45 1.68 ; 6
 -1590.09 -588.63 -136.40 1.68 ; 7
 -1591.89 -586.77 -136.40 1.68 ; 8
 -1589.34 -581.55 -136.25 1.68 ; 9
 -1589.32 -576.95 -134.85 1.68 ; 10
 -1589.26 -573.30 -134.05 1.68 ; 11
 -1590.06 -570.04 -134.05 1.68 ; 12
 -1590.36 -567.25 -133.90 1.68 ; 13
 -1590.35 -564.18 -133.75 1.68 ; 14
 -1589.93 -560.44 -133.65 1.68 ; 15
 -1589.05 -554.67 -135.00 1.68 ; 16
 -1588.18 -551.20 -135.20 1.68 ; 17
 -1589.98 -549.34 -135.20 1.68 ; 18
 -1587.70 -544.57 -136.70 1.68 ; 19
 -1585.69 -538.72 -137.50 1.68 ; 20
 -1582.48 -537.73 -136.85 1.49 ; 21
 -1581.56 -534.45 -136.20 1.49 ; 22
 -1582.04 -529.39 -135.75 1.49 ; 23
 -1583.07 -526.77 -135.40 1.49 ; 24
 -1582.24 -523.12 -136.05 1.49 ; 25
 -1582.54 -519.56 -136.10 1.49 ; 26
 -1582.48 -515.91 -136.05 1.49 ; 27
 
 -1584.74 -513.20 -136.10 1.30 ; 1; R-1-1-2-1-1
 -1582.61 -510.95 -136.40 1.49 ; 2
 -1580.84 -508.79 -136.45 1.49 ; 3
 -1582.45 -505.36 -138.35 1.49 ; 4
 -1583.93 -504.00 -138.40 1.49 ; 5
 -1583.97 -500.76 -138.65 1.49 ; 6
 -1586.12 -498.22 -139.80 1.49 ; 7
 -1586.43 -494.66 -140.10 1.49 ; 8
 -1587.72 -490.96 -141.75 1.49 ; 9
 -1586.70 -484.20 -144.05 1.49 ; 10
 -1586.73 -480.18 -144.20 1.49 ; 11
 -1584.37 -478.07 -145.65 1.49 ; 12
 -1586.57 -475.36 -145.80 1.49 ; 13
 -1586.60 -471.34 -146.45 1.49 ; 14
 -1585.46 -468.96 -146.45 1.49 ; 15
 -1583.69 -465.26 -147.40 1.49 ; 16
 -1581.05 -461.94 -148.00 1.49 ; 17
 -1578.43 -461.67 -149.20 1.49 ; 18
 Normal
 |
 -1580.26 -514.79 -136.05 1.30 ; 1; R-1-1-2-1-2
 -1576.96 -513.40 -137.45 1.30 ; 2
 -1576.45 -510.02 -134.15 1.30 ; 3
 -1574.69 -508.05 -132.85 1.49 ; 4
 -1573.77 -503.99 -132.90 1.49 ; 5
 -1571.80 -506.57 -128.80 1.49 ; 6
 -1569.08 -504.37 -128.80 1.49 ; 7
 -1566.41 -503.52 -128.80 1.49 ; 8
 -1565.37 -502.31 -127.30 1.49 ; 9
 -1563.69 -499.79 -124.80 1.49 ; 10
 -1564.13 -497.22 -124.80 1.30 ; 11
 -1563.89 -495.05 -122.75 1.30 ; 12
 -1562.31 -492.94 -122.05 1.30 ; 13
 -1561.48 -489.29 -120.95 1.30 ; 14
 -1559.93 -486.99 -120.20 1.30 ; 15
 -1557.17 -484.21 -120.00 1.30 ; 16
 -1555.31 -481.64 -119.55 1.30 ; 17
 Normal
 ; End of split
 |
 -1584.71 -608.07 -139.40 1.12 ; 1; R-1-1-2-2
 -1586.67 -606.02 -139.40 1.12 ; 2
 -1586.13 -604.35 -141.45 1.12 ; 3
 -1581.74 -602.70 -141.45 1.12 ; 4
 -1582.50 -600.39 -141.50 1.12 ; 5
 -1582.76 -598.55 -144.45 1.12 ; 6
 -1583.15 -594.62 -144.45 1.12 ; 7
 -1582.01 -591.47 -145.20 1.12 ; 8
 
 -1582.40 -588.60 -146.40 1.12 ; 1; R-1-1-2-2-1
 -1585.63 -585.57 -146.40 1.12 ; 2
 -1583.64 -583.55 -149.75 1.12 ; 3
 -1584.89 -580.02 -149.80 1.12 ; 4
 -1584.34 -577.59 -149.80 1.12 ; 5
 -1583.60 -574.35 -151.30 1.12 ; 6
 -1582.64 -570.47 -153.50 1.12 ; 7
 -1580.78 -567.91 -153.90 1.12 ; 8
 -1578.55 -563.72 -155.10 1.12 ; 9
 -1576.95 -560.07 -155.55 1.12 ; 10
 -1574.37 -558.10 -158.25 1.12 ; 11
 -1573.45 -554.81 -159.40 1.12 ; 12
 -1572.04 -551.20 -162.75 1.12 ; 13
 -1572.66 -549.44 -164.20 1.12 ; 14
 -1570.99 -547.69 -163.70 1.12 ; 15
 -1569.07 -545.58 -164.55 1.12 ; 16
 -1569.65 -542.81 -165.90 1.12 ; 17
 -1570.49 -540.36 -165.90 1.12 ; 18
 -1570.16 -538.72 -166.85 1.30 ; 19
 -1569.84 -537.08 -166.85 1.30 ; 20
 -1569.18 -534.75 -170.25 1.30 ; 21
 -1569.62 -533.14 -170.25 1.12 ; 22
 -1570.46 -531.65 -170.25 1.12 ; 23
 -1570.39 -530.33 -171.20 1.12 ; 24
 -1570.13 -528.11 -171.20 1.12 ; 25
 -1571.56 -525.74 -171.20 1.12 ; 26
 -1572.22 -525.23 -172.40 1.12 ; 27
 -1572.73 -523.04 -172.40 1.12 ; 28
 -1572.11 -520.89 -172.40 1.12 ; 29
 -1572.44 -518.74 -174.90 1.12 ; 30
 -1573.02 -516.91 -174.90 1.12 ; 31
 -1571.86 -514.87 -177.50 1.30 ; 32
 -1571.42 -509.84 -177.50 1.30 ; 33
 -1571.09 -507.25 -180.60 1.30 ; 34
 -1574.13 -505.32 -182.85 1.30 ; 35
 -1575.08 -504.37 -182.85 1.30 ; 36
 -1574.35 -501.67 -183.90 1.30 ; 37
 -1573.80 -498.94 -185.95 1.49 ; 38
 -1572.71 -496.31 -187.95 1.30 ; 39
 -1572.78 -495.73 -191.05 1.30 ; 40
 -1572.45 -494.09 -192.25 1.30 ; 41
 -1571.98 -492.66 -193.40 1.30 ; 42
 -1571.94 -489.64 -194.85 1.30 ; 43
 -1573.73 -489.09 -194.85 1.30 ; 44
 -1575.31 -487.45 -195.90 1.30 ; 45
 -1574.80 -484.90 -198.65 1.30 ; 46
 -1574.39 -482.89 -200.20 1.30 ; 47
 -1574.65 -481.32 -202.45 1.12 ; 48
 -1575.02 -480.30 -202.60 1.12 ; 49
 -1575.97 -479.35 -202.60 1.12 ; 50
 -1575.89 -477.09 -203.70 1.12 ; 51
 -1575.31 -475.12 -204.60 1.12 ; 52
 -1575.35 -474.36 -205.45 1.12 ; 53
 -1575.09 -472.13 -206.60 1.12 ; 54
 -1574.44 -469.80 -206.60 1.12 ; 55
 -1573.53 -468.09 -206.90 1.12 ; 56
 -1573.35 -465.28 -208.55 1.12 ; 57
 -1574.48 -463.34 -209.90 1.12 ; 58
 -1575.47 -461.63 -211.35 1.12 ; 59
 -1575.87 -458.90 -213.55 1.12 ; 60
 -1575.47 -455.94 -216.25 0.93 ; 61
 -1576.64 -454.19 -216.25 0.93 ; 62
 -1577.70 -452.84 -218.25 0.93 ; 63
 Low
 |
 -1580.06 -589.26 -147.05 1.12 ; 1; R-1-1-2-2-2
 -1577.75 -588.50 -147.15 1.12 ; 2
 -1576.66 -585.94 -147.50 1.12 ; 3
 -1576.78 -583.10 -147.50 1.12 ; 4
 -1573.92 -579.90 -149.95 1.12 ; 5
 -1573.15 -577.61 -148.45 1.12 ; 6
 -1572.23 -575.08 -148.45 1.12 ; 7
 -1570.46 -572.93 -147.90 1.12 ; 8
 -1569.02 -571.64 -147.90 1.12 ; 9
 
 -1568.16 -571.40 -147.90 1.12 ; 1; R-1-1-2-2-2-1
 -1566.43 -569.83 -147.90 1.12 ; 2
 -1564.89 -568.30 -147.90 1.30 ; 3
 -1564.70 -565.19 -147.90 1.12 ; 4
 -1560.54 -563.40 -149.55 1.12 ; 5
 -1559.17 -559.61 -149.55 1.12 ; 6
 -1556.62 -555.16 -149.05 1.12 ; 7
 -1557.73 -551.41 -149.00 1.12 ; 8
 -1556.50 -547.09 -148.45 1.12 ; 9
 -1553.73 -544.30 -147.50 1.12 ; 10
 -1553.31 -541.32 -147.60 1.12 ; 11
 -1552.54 -539.79 -147.55 1.12 ; 12
 -1551.63 -537.27 -147.60 1.12 ; 13
 -1548.63 -533.09 -147.60 1.12 ; 14
 -1548.07 -529.12 -147.65 1.12 ; 15
 -1548.28 -525.92 -145.65 1.12 ; 16
 -1544.12 -523.36 -145.65 1.12 ; 17
 -1542.44 -520.84 -143.70 1.12 ; 18
 -1537.42 -518.65 -144.10 1.12 ; 19
 -1534.69 -513.38 -143.90 1.12 ; 20
 -1535.66 -508.64 -142.55 1.12 ; 21
 -1536.55 -504.26 -142.70 1.12 ; 22
 -1535.31 -499.94 -143.35 1.12 ; 23
 -1529.52 -496.98 -143.40 1.12 ; 24
 -1523.27 -493.53 -144.75 1.12 ; 25
 -1520.18 -490.77 -144.95 1.12 ; 26
 -1518.47 -491.50 -147.45 1.12 ; 27
 -1515.25 -488.98 -147.60 1.12 ; 28
 -1511.73 -488.50 -147.65 1.12 ; 29
 -1508.88 -487.60 -149.45 1.12 ; 30
 -1505.59 -489.28 -150.20 1.12 ; 31
 -1501.57 -489.25 -152.55 1.12 ; 32
 -1498.32 -489.22 -156.95 1.12 ; 33
 -1494.07 -488.56 -157.55 1.12 ; 34
 -1491.99 -486.90 -159.15 1.12 ; 35
 -1489.95 -485.05 -159.30 1.12 ; 36
 -1486.34 -484.93 -159.25 1.12 ; 37
 -1484.92 -481.33 -159.25 1.12 ; 38
 Low
 |
 -1568.70 -570.60 -148.65 0.56 ; 1; R-1-1-2-2-2-2
 -1567.70 -569.21 -148.60 0.93 ; 2
 -1566.66 -567.22 -149.75 0.74 ; 3
 -1564.94 -564.88 -149.75 0.74 ; 4
 -1564.26 -563.75 -152.90 0.93 ; 5
 -1563.17 -561.95 -154.65 0.93 ; 6
 -1561.00 -559.11 -154.60 0.93 ; 7
 
 -1560.36 -557.04 -154.65 1.12 ; 1; R-1-1-2-2-2-2-1
 -1560.08 -555.06 -156.20 1.12 ; 2
 -1560.12 -552.58 -157.90 1.12 ; 3
 -1558.85 -549.96 -157.90 1.12 ; 4
 -1557.00 -547.39 -157.90 1.30 ; 5
 -1556.50 -545.55 -159.20 1.30 ; 6
 -1556.31 -543.97 -159.25 1.30 ; 7
 -1555.86 -541.94 -159.20 1.30 ; 8
 -1554.45 -539.87 -159.25 1.30 ; 9
 -1553.73 -539.66 -161.60 0.93 ; 10
 -1553.44 -538.20 -162.75 1.12 ; 11
 -1552.09 -536.20 -162.75 1.12 ; 12
 -1551.00 -534.52 -163.60 1.12 ; 13
 -1551.36 -533.50 -164.00 1.12 ; 14
 -1550.89 -531.13 -164.00 1.12 ; 15
 -1550.34 -530.29 -167.50 1.12 ; 16
 -1550.52 -529.31 -168.80 1.12 ; 17
 -1551.07 -527.30 -168.95 1.12 ; 18
 -1551.22 -526.13 -170.25 1.12 ; 19
 -1550.49 -523.43 -170.20 1.12 ; 20
 -1550.60 -521.14 -171.60 1.12 ; 21
 -1551.08 -520.66 -171.65 1.12 ; 22
 -1552.39 -519.64 -174.40 1.12 ; 23
 -1551.92 -517.27 -175.45 1.12 ; 24
 -1551.41 -514.72 -175.45 1.12 ; 25
 -1550.10 -511.95 -176.90 1.12 ; 26
 -1550.97 -509.69 -179.95 0.93 ; 27
 -1551.05 -508.15 -179.95 0.93 ; 28
 -1552.25 -507.53 -181.05 0.93 ; 29
 -1554.63 -507.06 -181.05 0.93 ; 30
 -1555.14 -506.77 -184.35 0.93 ; 31
 -1556.93 -505.27 -184.35 1.12 ; 32
 -1556.16 -503.34 -186.50 0.93 ; 33
 -1554.78 -501.15 -187.95 0.93 ; 34
 -1555.07 -499.77 -189.65 0.93 ; 35
 -1555.80 -498.67 -189.65 0.93 ; 36
 -1556.79 -496.96 -192.45 0.93 ; 37
 -1557.30 -493.82 -194.15 0.93 ; 38
 -1557.08 -491.78 -196.50 0.93 ; 39
 -1558.14 -489.48 -196.50 0.93 ; 40
 -1560.81 -488.57 -199.00 0.93 ; 41
 -1562.63 -488.21 -198.95 0.93 ; 42
 -1562.89 -484.74 -200.80 0.93 ; 43
 -1565.30 -482.56 -204.10 0.93 ; 44
 -1565.19 -480.11 -207.35 0.74 ; 45
 -1565.56 -478.14 -210.50 0.74 ; 46
 -1566.84 -475.99 -213.10 0.74 ; 47
 -1567.83 -475.23 -215.25 0.74 ; 48
 -1568.23 -474.39 -217.35 0.74 ; 49
 -1569.76 -472.56 -217.35 0.74 ; 50
 Low
 |
 -1559.46 -559.12 -156.75 0.19 ; 1; R-1-1-2-2-2-2-2
 -1557.48 -559.39 -157.75 0.19 ; 2
 -1556.34 -557.77 -157.70 0.19 ; 3
 -1556.07 -557.32 -158.75 0.19 ; 4
 -1553.86 -556.19 -157.85 0.19 ; 5
 -1552.05 -554.21 -158.80 0.19 ; 6
 -1550.91 -553.36 -158.75 0.19 ; 7
 -1549.83 -552.32 -158.75 0.19 ; 8
 -1549.53 -551.88 -162.25 1.49 ; 9
 -1546.93 -550.31 -163.60 1.30 ; 10
 -1544.89 -549.58 -164.60 1.30 ; 11
 -1543.61 -547.94 -164.60 1.30 ; 12
 -1540.87 -549.43 -166.65 1.30 ; 13
 -1539.63 -547.03 -166.70 1.12 ; 14
 -1537.92 -546.04 -166.70 1.12 ; 15
 -1537.23 -545.42 -168.40 1.12 ; 16
 -1536.20 -545.06 -168.40 1.12 ; 17
 -1534.45 -543.89 -170.25 1.12 ; 18
 -1533.39 -542.40 -170.25 1.12 ; 19
 -1531.02 -542.87 -170.25 1.12 ; 20
 -1529.74 -540.28 -170.25 1.12 ; 21
 -1527.22 -540.97 -173.10 1.12 ; 22
 -1525.32 -540.03 -173.15 1.12 ; 23
 -1524.01 -538.20 -174.35 1.12 ; 24
 -1522.92 -537.47 -174.35 1.12 ; 25
 -1520.29 -536.67 -178.35 0.93 ; 26
 -1517.22 -534.63 -178.30 0.93 ; 27
 -1516.42 -532.51 -181.00 0.93 ; 28
 -1516.06 -531.64 -181.00 0.93 ; 29
 -1513.97 -530.73 -184.55 0.93 ; 30
 -1513.32 -528.39 -184.55 0.93 ; 31
 Normal
 ; End of split
 ; End of split
 ; End of split
 ; End of split
 ; End of split
 |
 -1643.79 -826.69 -107.95 1.49 ; 1; R-1-2
 -1640.00 -825.76 -110.55 1.49 ; 2
 -1635.21 -825.73 -109.45 1.49 ; 3
 -1632.00 -825.52 -111.60 1.68 ; 4
 -1630.01 -823.49 -111.60 1.68 ; 5
 -1626.30 -822.20 -114.25 1.68 ; 6
 -1621.23 -819.42 -111.85 1.68 ; 7
 -1617.00 -815.68 -111.00 1.30 ; 8
 -1613.23 -812.27 -111.00 1.30 ; 9
 -1607.66 -807.64 -106.10 1.30 ; 10
 -1605.74 -807.40 -104.85 1.49 ; 11
 -1603.97 -806.81 -104.85 1.49 ; 12
 -1601.74 -806.57 -102.25 1.68 ; 13
 -1599.56 -806.52 -102.20 1.49 ; 14
 -1596.80 -805.87 -100.85 1.49 ; 15
 -1594.98 -805.10 -100.85 1.49 ; 16
 -1592.92 -805.39 -99.95 1.49 ; 17
 -1591.98 -804.33 -98.20 1.49 ; 18
 -1590.86 -802.16 -96.85 1.49 ; 19
 -1588.92 -801.04 -96.85 1.49 ; 20
 -1587.03 -800.09 -97.40 1.68 ; 21
 -1584.45 -798.80 -97.40 1.68 ; 22
 -1583.62 -797.50 -94.50 1.68 ; 23
 -1583.39 -794.44 -93.35 1.49 ; 24
 -1583.62 -792.21 -93.35 1.49 ; 25
 -1584.03 -789.32 -91.75 1.86 ; 26
 -1584.73 -787.32 -91.80 1.86 ; 27
 -1585.56 -785.08 -91.80 1.86 ; 28
 -1586.67 -782.55 -91.80 1.68 ; 29
 -1586.79 -778.78 -91.80 1.68 ; 30
 -1586.73 -776.84 -91.80 1.49 ; 31
 -1587.79 -774.72 -91.80 2.05 ; 32
 -1588.26 -773.19 -90.65 1.49 ; 33
 -1589.37 -771.84 -89.95 1.49 ; 34
 -1591.55 -771.31 -89.95 1.49 ; 35
 -1591.96 -769.60 -92.15 1.30 ; 36
 -1593.60 -767.48 -92.15 1.30 ; 37
 -1593.25 -765.83 -92.15 1.30 ; 38
 -1593.31 -763.07 -92.20 1.49 ; 39
 -1594.25 -760.60 -92.15 1.49 ; 40
 -1595.13 -759.71 -92.15 1.30 ; 41
 -1596.95 -756.95 -92.15 1.30 ; 42
 -1597.83 -754.89 -92.15 1.30 ; 43
 -1598.36 -752.94 -94.70 1.30 ; 44
 -1597.95 -751.12 -94.75 1.49 ; 45
 -1596.71 -749.18 -94.75 1.30 ; 46
 -1595.12 -746.76 -94.75 1.30 ; 47
 -1593.83 -743.46 -94.75 1.30 ; 48
 -1595.06 -741.29 -93.65 1.49 ; 49
 -1595.77 -740.46 -93.65 1.49 ; 50
 -1596.76 -738.17 -93.70 1.30 ; 51
 -1596.59 -737.05 -93.65 1.30 ; 52
 -1596.00 -734.69 -93.30 1.30 ; 53
 -1594.00 -732.22 -93.30 1.30 ; 54
 -1593.76 -729.75 -90.45 1.30 ; 55
 -1592.58 -727.39 -90.45 1.30 ; 56
 -1592.17 -724.98 -89.15 1.30 ; 57
 -1592.11 -723.62 -88.80 1.30 ; 58
 -1593.11 -720.74 -88.80 1.12 ; 59
 -1592.70 -719.50 -88.75 1.12 ; 60
 -1591.81 -716.85 -88.75 1.12 ; 61
 -1593.93 -715.56 -88.75 1.49 ; 62
 -1595.40 -714.09 -88.75 1.49 ; 63
 -1596.81 -711.85 -88.80 1.49 ; 64
 -1596.75 -707.55 -88.75 1.49 ; 65
 -1595.28 -703.73 -88.75 1.30 ; 66
 -1595.75 -702.20 -88.75 1.30 ; 67
 -1596.80 -700.08 -88.75 1.30 ; 68
 -1598.51 -699.31 -88.75 1.30 ; 69
 -1601.16 -699.02 -88.75 1.30 ; 70
 -1602.80 -698.67 -88.75 1.30 ; 71
 -1603.15 -698.55 -88.75 1.12 ; 72
 -1603.15 -696.78 -88.75 1.12 ; 73
 -1602.74 -694.96 -88.75 1.30 ; 74
 -1603.62 -692.90 -89.30 1.30 ; 75
 -1603.74 -690.90 -89.30 1.30 ; 76
 -1607.85 -689.13 -89.30 1.30 ; 77
 -1607.21 -686.60 -90.55 1.30 ; 78
 -1606.79 -683.01 -90.55 1.30 ; 79
 -1606.56 -682.30 -90.60 1.30 ; 80
 -1606.32 -679.83 -90.55 1.68 ; 81
 -1606.03 -678.95 -90.60 1.68 ; 82
 -1606.61 -677.18 -89.60 1.49 ; 83
 -1606.96 -674.71 -89.60 1.49 ; 84
 -1607.61 -673.71 -89.60 1.49 ; 85
 -1608.61 -672.00 -90.75 1.49 ; 86
 -1608.49 -670.47 -90.75 1.49 ; 87
 -1609.55 -667.17 -87.80 1.49 ; 88
 -1611.55 -663.76 -86.00 1.49 ; 89
 -1611.02 -662.17 -86.00 1.49 ; 90
 -1610.25 -659.29 -86.00 1.49 ; 91
 -1609.54 -657.17 -86.00 1.49 ; 92
 -1608.25 -656.22 -79.80 1.49 ; 93
 -1608.37 -653.63 -78.90 1.49 ; 94
 -1607.95 -650.63 -78.70 1.49 ; 95
 -1607.13 -649.34 -78.15 1.12 ; 96
 -1608.42 -647.33 -78.15 1.49 ; 97
 -1607.77 -644.80 -78.15 1.49 ; 98
 -1605.60 -642.98 -75.45 1.30 ; 99
 -1604.07 -641.92 -75.45 1.30 ; 100
 -1604.24 -640.68 -75.45 1.30 ; 101
 -1605.59 -638.86 -73.80 1.30 ; 102
 -1605.53 -636.32 -73.80 1.30 ; 103
 -1605.36 -634.62 -73.10 1.30 ; 104
 -1604.00 -633.50 -73.10 1.30 ; 105
 -1603.18 -631.61 -72.45 1.30 ; 106
 -1602.30 -628.96 -72.45 1.30 ; 107
 -1602.71 -627.26 -72.45 1.30 ; 108
 -1603.53 -624.43 -72.45 1.30 ; 109
 -1603.59 -622.25 -72.45 1.30 ; 110
 -1600.97 -619.15 -71.80 1.30 ; 111
 -1596.85 -615.61 -71.80 1.30 ; 112
 -1594.62 -612.43 -71.75 1.30 ; 113
 -1595.67 -610.90 -71.75 1.12 ; 114
 -1596.26 -607.96 -71.75 1.12 ; 115
 -1595.08 -606.78 -71.75 1.30 ; 116
 -1594.44 -604.84 -71.75 1.12 ; 117
 -1595.14 -602.25 -71.75 1.12 ; 118
 -1594.85 -600.19 -71.75 1.30 ; 119
 -1594.32 -599.19 -71.75 1.30 ; 120
 -1593.61 -597.07 -71.75 1.30 ; 121
 -1592.96 -595.71 -71.75 1.12 ; 122
 -1592.67 -594.83 -71.70 1.12 ; 123
 -1594.02 -594.77 -71.70 1.12 ; 124
 -1593.31 -593.83 -71.70 1.12 ; 125
 -1592.67 -591.89 -71.70 1.12 ; 126
 -1592.08 -591.30 -71.70 1.12 ; 127
 -1590.96 -588.53 -70.50 1.12 ; 128
 -1591.49 -586.00 -70.50 1.12 ; 129
 -1590.66 -582.35 -70.50 1.12 ; 130
 -1590.31 -581.29 -70.50 1.12 ; 131
 -1590.42 -578.11 -70.50 1.30 ; 132
 -1590.36 -576.17 -72.30 1.30 ; 133
 -1588.78 -575.52 -72.30 1.30 ; 134
 -1587.95 -574.22 -72.30 0.93 ; 135
 -1587.19 -573.69 -72.30 0.93 ; 136
 -1587.66 -572.16 -72.00 0.93 ; 137
 -1587.48 -571.05 -72.05 0.93 ; 138
 -1587.54 -567.69 -72.05 0.93 ; 139
 -1587.60 -566.69 -72.05 1.12 ; 140
 -1586.95 -563.57 -72.05 1.12 ; 141
 -1586.30 -562.21 -72.05 1.12 ; 142
 -1584.24 -561.33 -72.05 0.74 ; 143
 -1584.95 -559.33 -72.05 0.74 ; 144
 -1584.83 -557.21 -72.00 0.74 ; 145
 -1584.24 -556.62 -72.00 0.74 ; 146
 -1582.77 -554.56 -72.05 0.93 ; 147
 -1581.83 -552.32 -72.05 1.12 ; 148
 -1580.47 -550.03 -72.05 1.12 ; 149
 -1579.53 -547.79 -73.45 0.93 ; 150
 -1578.47 -545.79 -73.50 0.93 ; 151
 -1578.18 -544.32 -73.45 0.93 ; 152
 -1576.29 -541.61 -73.65 0.93 ; 153
 -1576.59 -539.55 -71.30 0.93 ; 154
 -1575.88 -536.25 -71.30 0.93 ; 155
 -1573.94 -535.13 -71.80 0.93 ; 156
 -1572.88 -533.13 -71.85 0.93 ; 157
 -1570.99 -526.30 -71.85 0.93 ; 158
 -1571.87 -525.42 -71.85 0.93 ; 159
 -1572.17 -523.94 -71.85 0.93 ; 160
 -1571.05 -522.35 -71.85 0.93 ; 161
 -1571.05 -517.65 -71.85 0.93 ; 162
 -1571.87 -514.23 -71.85 0.93 ; 163
 -1573.34 -510.99 -71.80 1.12 ; 164
 -1571.51 -507.87 -71.85 1.12 ; 165
 -1570.27 -506.21 -72.65 0.74 ; 166
 -1567.79 -504.68 -72.70 0.74 ; 167
 -1567.09 -502.56 -72.70 0.56 ; 168
 -1565.62 -502.86 -72.70 0.56 ; 169
 -1565.74 -502.03 -72.70 0.56 ; 170
 -1566.38 -501.03 -72.70 0.56 ; 171
 -1565.56 -498.56 -72.70 0.74 ; 172
 -1564.26 -497.03 -72.70 0.74 ; 173
 -1562.91 -495.32 -72.70 0.74 ; 174
 -1561.97 -493.67 -72.90 0.56 ; 175
 -1559.44 -491.96 -72.95 0.56 ; 176
 -1559.03 -491.32 -72.95 0.56 ; 177
 -1557.73 -489.79 -72.95 1.68 ; 178
 -1555.55 -487.96 -73.45 0.93 ; 179
 -1554.38 -486.19 -73.40 0.93 ; 180
 -1553.32 -483.01 -73.45 0.93 ; 181
 -1552.02 -480.89 -73.70 1.30 ; 182
 -1549.73 -479.89 -73.70 1.30 ; 183
 -1548.26 -479.01 -73.75 1.30 ; 184
 -1545.55 -475.59 -75.30 1.30 ; 185
 -1542.79 -474.36 -75.30 0.74 ; 186
 -1541.37 -473.06 -75.30 0.74 ; 187
 -1541.49 -471.65 -75.30 0.74 ; 188
 -1541.08 -469.82 -76.80 1.68 ; 189
 -1539.78 -467.70 -77.95 0.74 ; 190
 -1537.49 -466.70 -77.95 0.74 ; 191
 -1535.31 -464.88 -77.95 0.74 ; 192
 -1533.02 -461.52 -76.90 0.74 ; 193
 -1531.96 -460.70 -79.10 0.19 ; 194
 -1530.43 -457.87 -79.10 0.19 ; 195
 -1529.25 -456.69 -79.10 0.19 ; 196
 -1526.43 -454.10 -79.10 0.19 ; 197
 -1525.43 -453.45 -79.10 0.19 ; 198
 Normal
 ; End of split
 |
 -1650.67 -961.76 -119.65 2.79 ; 1; R-2
 -1651.85 -953.82 -119.50 2.79 ; 2
 -1647.86 -949.77 -120.75 2.79 ; 3
 -1644.33 -946.99 -122.40 2.61 ; 4
 -1641.47 -943.80 -123.95 2.42 ; 5
 -1640.96 -938.88 -123.95 2.42 ; 6
 -1639.95 -935.19 -123.95 2.61 ; 7
 -1639.12 -932.30 -122.90 2.61 ; 8
 
 -1635.50 -930.54 -124.75 1.30 ; 1; R-2-1
 -1633.27 -927.12 -123.70 1.12 ; 2
 -1630.32 -923.52 -122.80 1.12 ; 3
 -1628.01 -922.00 -122.10 1.12 ; 4
 -1624.89 -919.89 -122.10 0.93 ; 5
 -1624.25 -917.05 -120.75 0.93 ; 6
 -1622.34 -914.67 -119.05 0.93 ; 7
 -1617.96 -914.55 -118.85 0.93 ; 8
 -1614.79 -911.85 -118.85 0.93 ; 9
 -1614.37 -908.88 -118.10 0.93 ; 10
 -1612.65 -908.07 -118.05 0.93 ; 11
 -1609.54 -909.79 -118.00 0.93 ; 12
 -1608.32 -909.30 -118.00 0.93 ; 13
 -1605.69 -905.97 -116.55 0.93 ; 14
 -1603.82 -902.64 -115.50 0.93 ; 15
 -1602.28 -899.58 -115.50 0.93 ; 16
 -1598.93 -897.61 -113.95 0.93 ; 17
 -1593.85 -894.06 -113.95 0.93 ; 18
 -1592.90 -892.49 -113.85 0.93 ; 19
 -1589.92 -892.14 -113.85 0.93 ; 20
 -1588.51 -889.30 -113.80 0.93 ; 21
 -1585.33 -885.07 -113.70 0.93 ; 22
 -1584.04 -880.16 -113.70 1.12 ; 23
 -1583.54 -877.55 -113.70 0.93 ; 24
 -1582.54 -875.39 -113.70 1.12 ; 25
 -1581.35 -872.41 -113.50 0.93 ; 26
 -1580.84 -870.57 -112.95 0.93 ; 27
 -1579.29 -865.97 -112.50 0.93 ; 28
 -1581.58 -862.13 -112.50 0.93 ; 29
 -1578.81 -859.34 -112.50 0.93 ; 30
 -1579.66 -857.45 -112.50 0.56 ; 31
 -1579.93 -857.13 -112.35 0.56 ; 32
 -1581.87 -855.50 -112.30 0.19 ; 33
 Normal
 |
 -1638.33 -925.41 -122.90 2.42 ; 1; R-2-2
 -1636.05 -921.40 -121.40 2.42 ; 2
 
 -1633.78 -919.59 -121.40 0.93 ; 1; R-2-2-1
 -1630.58 -919.37 -121.40 0.93 ; 2
 -1630.07 -916.76 -121.40 0.93 ; 3
 -1629.83 -913.06 -120.95 0.93 ; 4
 -1626.66 -911.13 -120.50 0.93 ; 5
 -1627.06 -908.74 -119.20 0.93 ; 6
 -1625.59 -903.79 -117.75 1.12 ; 7
 -1622.65 -901.72 -116.70 1.12 ; 8
 -1621.19 -898.30 -116.40 1.12 ; 9
 -1618.52 -897.45 -116.35 0.93 ; 10
 -1615.85 -896.60 -115.25 0.93 ; 11
 -1615.71 -893.31 -115.25 0.93 ; 12
 -1613.44 -891.61 -115.25 1.12 ; 13
 -1612.21 -889.58 -115.25 1.12 ; 14
 -1612.29 -886.15 -115.25 0.93 ; 15
 -1612.92 -885.16 -115.25 0.93 ; 16
 -1609.30 -883.50 -115.25 1.12 ; 17
 -1606.22 -881.98 -115.25 0.93 ; 18
 -1604.01 -882.39 -115.25 1.12 ; 19
 -1600.44 -881.32 -115.25 0.93 ; 20
 -1598.57 -877.22 -113.60 0.93 ; 21
 -1598.38 -874.88 -113.60 0.93 ; 22
 -1596.44 -874.98 -113.65 0.93 ; 23
 -1596.61 -872.72 -113.60 0.93 ; 24
 -1594.02 -868.45 -113.60 0.93 ; 25
 -1592.38 -864.98 -113.60 1.12 ; 26
 -1592.10 -863.00 -112.25 1.12 ; 27
 -1589.70 -861.83 -112.30 1.12 ; 28
 -1590.10 -858.67 -112.30 0.93 ; 29
 -1589.46 -856.60 -111.50 0.93 ; 30
 -1588.36 -852.50 -111.20 0.93 ; 31
 -1585.37 -850.62 -109.85 0.93 ; 32
 -1583.24 -847.60 -108.40 0.93 ; 33
 -1579.84 -845.81 -106.75 0.93 ; 34
 -1578.21 -844.64 -106.30 0.93 ; 35
 -1576.54 -841.87 -106.30 1.86 ; 36
 -1575.13 -839.40 -106.35 1.49 ; 37
 -1573.71 -837.52 -105.35 0.56 ; 38
 -1572.83 -834.87 -105.40 0.56 ; 39
 -1572.48 -833.22 -105.40 0.56 ; 40
 -1572.07 -831.39 -103.55 0.74 ; 41
 -1569.95 -829.74 -103.55 0.74 ; 42
 -1569.77 -829.22 -101.40 0.74 ; 43
 -1568.59 -829.80 -99.65 0.74 ; 44
 -1569.24 -828.21 -98.35 0.56 ; 45
 Normal
 |
 -1635.77 -918.65 -121.35 2.42 ; 1; R-2-2-2
 
 -1632.90 -916.63 -123.50 1.12 ; 1; R-2-2-2-1
 -1630.35 -910.64 -124.75 0.93 ; 2
 -1629.97 -906.72 -125.90 0.93 ; 3
 -1626.98 -904.83 -126.30 0.93 ; 4
 -1624.99 -903.58 -125.75 0.93 ; 5
 -1623.94 -900.06 -124.70 1.12 ; 6
 -1624.19 -895.14 -124.75 1.12 ; 7
 -1620.92 -892.04 -124.75 1.12 ; 8
 -1617.11 -888.04 -124.75 1.12 ; 9
 -1616.33 -884.21 -124.75 1.12 ; 10
 -1616.14 -881.10 -124.75 1.12 ; 11
 -1612.97 -879.17 -124.75 0.93 ; 12
 -1609.67 -877.79 -124.75 0.93 ; 13
 -1610.83 -873.86 -124.75 0.93 ; 14
 -1609.32 -869.08 -123.70 0.93 ; 15
 -1608.71 -864.53 -123.65 0.93 ; 16
 -1607.44 -862.68 -123.75 0.93 ; 17
 -1607.25 -859.57 -122.85 0.93 ; 18
 -1604.67 -858.36 -122.25 0.93 ; 19
 -1603.58 -856.56 -122.25 0.93 ; 20
 -1604.28 -852.91 -122.10 0.93 ; 21
 -1603.73 -851.24 -121.60 0.93 ; 22
 -1602.69 -849.26 -121.30 0.93 ; 23
 -1600.55 -845.48 -121.30 0.93 ; 24
 -1597.25 -843.33 -121.30 0.93 ; 25
 -1593.72 -842.08 -121.30 0.93 ; 26
 -1593.98 -839.46 -121.30 0.93 ; 27
 -1594.29 -837.43 -121.15 0.93 ; 28
 -1593.28 -833.73 -121.90 0.74 ; 29
 -1592.77 -831.89 -122.30 0.74 ; 30
 -1592.68 -829.95 -120.70 0.74 ; 31
 -1589.91 -827.16 -120.15 0.74 ; 32
 -1589.13 -824.86 -119.95 0.74 ; 33
 -1587.86 -822.25 -119.65 0.74 ; 34
 -1585.82 -821.94 -119.50 0.74 ; 35
 -1585.32 -819.33 -118.45 0.74 ; 36
 -1585.97 -813.55 -117.95 0.74 ; 37
 -1585.54 -806.75 -117.15 0.74 ; 38
 -1585.89 -802.58 -117.10 0.74 ; 39
 -1584.94 -801.00 -117.10 0.74 ; 40
 -1584.29 -797.40 -115.45 0.74 ; 41
 -1583.65 -793.79 -114.55 0.74 ; 42
 -1582.86 -789.19 -113.15 0.74 ; 43
 Normal
 |
 -1634.07 -911.53 -122.15 2.23 ; 1; R-2-2-2-2
 -1635.95 -907.78 -123.95 2.23 ; 2
 -1636.88 -902.46 -126.80 2.23 ; 3
 -1637.08 -895.42 -127.40 2.23 ; 4
 -1635.65 -889.52 -127.35 2.23 ; 5
 -1634.14 -884.74 -127.35 2.23 ; 6
 -1633.91 -881.81 -126.15 2.23 ; 7
 -1633.26 -878.97 -124.85 2.23 ; 8
 
 -1630.52 -876.26 -124.75 1.68 ; 1; R-2-2-2-2-1
 -1626.85 -873.25 -124.75 1.68 ; 2
 -1625.89 -869.38 -128.10 1.68 ; 3
 -1626.78 -865.00 -129.40 1.68 ; 4
 -1625.09 -860.95 -129.40 1.68 ; 5
 -1623.13 -857.98 -127.75 1.68 ; 6
 -1620.24 -855.73 -126.70 1.68 ; 7
 -1618.24 -852.94 -125.95 1.68 ; 8
 -1617.23 -848.48 -125.20 1.68 ; 9
 -1617.58 -846.27 -125.20 1.68 ; 10
 -1617.33 -841.80 -125.20 1.68 ; 11
 -1615.73 -836.62 -124.00 1.68 ; 12
 -1613.69 -833.25 -122.55 1.68 ; 13
 -1612.67 -828.02 -121.35 1.68 ; 14
 -1610.90 -825.86 -120.70 1.68 ; 15
 -1609.13 -823.70 -123.40 1.68 ; 16
 -1610.21 -820.90 -124.00 1.68 ; 17
 -1611.00 -816.12 -122.70 1.68 ; 18
 -1611.56 -810.71 -122.70 1.68 ; 19
 -1610.06 -806.70 -122.60 1.86 ; 20
 -1609.14 -804.17 -122.60 1.86 ; 21
 -1607.13 -798.32 -122.60 1.86 ; 22
 -1607.12 -795.25 -122.60 1.86 ; 23
 -1604.62 -790.62 -125.60 1.68 ; 24
 -1602.93 -785.80 -126.85 1.68 ; 25
 -1599.48 -782.65 -126.85 1.68 ; 26
 -1600.96 -778.99 -126.85 1.68 ; 27
 -1601.63 -776.28 -126.80 1.68 ; 28
 -1601.20 -772.54 -125.60 1.68 ; 29
 -1603.20 -767.15 -125.60 1.68 ; 30
 -1604.00 -762.37 -127.70 1.49 ; 31
 -1603.80 -757.72 -129.15 1.49 ; 32
 -1602.52 -754.34 -129.15 1.49 ; 33
 -1601.91 -749.02 -129.20 1.49 ; 34
 -1600.72 -745.29 -129.15 1.68 ; 35
 -1600.02 -739.56 -129.85 1.68 ; 36
 -1598.46 -734.20 -130.80 1.68 ; 37
 -1598.00 -732.17 -133.40 1.68 ; 38
 -1595.59 -727.94 -134.25 1.68 ; 39
 -1598.24 -723.42 -130.65 1.49 ; 40
 -1598.37 -721.35 -128.95 1.49 ; 41
 -1596.91 -717.16 -128.90 1.49 ; 42
 -1593.00 -711.22 -128.30 1.68 ; 43
 -1589.00 -705.64 -127.45 1.68 ; 44
 -1588.26 -700.86 -125.75 1.68 ; 45
 -1587.97 -696.58 -124.85 1.30 ; 46
 -1585.97 -693.02 -124.65 1.30 ; 47
 -1586.26 -686.39 -124.35 1.30 ; 48
 -1582.42 -684.87 -124.35 1.49 ; 49
 -1578.75 -681.86 -124.35 1.49 ; 50
 -1578.09 -676.72 -124.95 1.49 ; 51
 
 -1577.29 -672.83 -127.00 0.93 ; 1; R-2-2-2-2-1-1
 -1575.31 -672.34 -127.00 0.93 ; 2
 -1575.70 -669.18 -127.55 0.93 ; 3
 -1574.47 -666.39 -126.30 0.93 ; 4
 -1572.79 -663.87 -125.65 0.93 ; 5
 -1572.68 -660.39 -125.45 0.93 ; 6
 -1572.00 -657.74 -125.45 1.12 ; 7
 -1570.68 -655.30 -125.45 1.12 ; 8
 -1572.65 -652.73 -125.45 0.93 ; 9
 -1574.00 -650.38 -124.70 0.93 ; 10
 -1573.90 -648.44 -124.70 1.12 ; 11
 -1571.13 -644.89 -124.70 0.93 ; 12
 -1569.22 -640.97 -124.70 0.93 ; 13
 -1568.80 -637.23 -125.60 1.12 ; 14
 -1569.18 -631.00 -125.05 1.12 ; 15
 -1570.97 -627.61 -125.00 1.12 ; 16
 -1571.46 -624.86 -125.00 1.68 ; 17
 -1571.49 -623.15 -124.95 1.86 ; 18
 
 -1572.68 -619.55 -125.85 0.74 ; 1; R-2-2-2-2-1-1-1
 -1571.31 -616.53 -125.35 0.56 ; 2
 -1572.83 -613.46 -125.35 0.56 ; 3
 -1574.05 -611.65 -125.35 0.56 ; 4
 -1576.97 -609.88 -125.35 0.56 ; 5
 -1578.22 -606.36 -125.35 0.56 ; 6
 -1578.75 -602.66 -125.35 0.56 ; 7
 -1579.82 -599.86 -125.35 0.56 ; 8
 -1582.22 -599.49 -125.35 0.56 ; 9
 -1582.02 -596.38 -125.35 0.56 ; 10
 -1583.35 -590.20 -126.90 0.74 ; 11
 -1583.74 -586.27 -126.90 0.74 ; 12
 -1583.87 -584.20 -126.90 0.74 ; 13
 -1585.40 -581.89 -126.95 0.74 ; 14
 -1587.94 -575.43 -126.95 0.74 ; 15
 -1588.43 -572.68 -129.10 0.74 ; 16
 -1586.02 -568.45 -129.40 0.74 ; 17
 -1587.18 -565.29 -130.05 0.74 ; 18
 -1584.82 -562.41 -130.40 0.74 ; 19
 -1583.64 -560.21 -130.40 0.93 ; 20
 -1583.81 -557.95 -130.40 0.74 ; 21
 -1581.27 -555.79 -130.40 0.56 ; 22
 -1581.09 -554.98 -130.40 0.74 ; 23
 -1581.30 -551.78 -131.85 0.74 ; 24
 -1581.65 -548.80 -131.90 0.74 ; 25
 -1579.02 -546.24 -133.05 0.74 ; 26
 -1576.75 -544.53 -133.00 0.74 ; 27
 -1576.24 -541.15 -133.00 0.56 ; 28
 -1575.24 -537.46 -133.45 0.56 ; 29
 -1573.55 -532.64 -135.40 0.56 ; 30
 -1571.50 -530.03 -135.60 0.74 ; 31
 -1570.50 -527.87 -136.60 0.74 ; 32
 -1569.63 -523.63 -137.20 0.56 ; 33
 
 -1571.33 -520.28 -136.35 0.19 ; 1; R-2-2-2-2-1-1-1-1
 -1572.40 -517.48 -139.15 0.19 ; 2
 -1572.85 -515.68 -139.95 0.19 ; 3
 -1573.01 -511.89 -141.75 0.19 ; 4
 -1574.94 -509.49 -143.00 0.37 ; 5
 -1577.46 -506.28 -144.50 0.37 ; 6
 -1579.85 -504.38 -145.15 0.37 ; 7
 -1581.10 -503.16 -145.10 0.37 ; 8
 -1581.19 -501.26 -145.15 0.74 ; 9
 -1582.72 -500.49 -145.15 0.37 ; 10
 -1584.44 -500.53 -147.70 0.37 ; 11
 -1585.51 -499.26 -147.75 0.74 ; 12
 -1588.00 -499.30 -147.70 0.19 ; 13
 -1589.39 -497.54 -149.50 0.19 ; 14
 -1590.14 -493.70 -151.40 0.19 ; 15
 -1591.53 -491.17 -152.20 0.19 ; 16
 -1593.20 -491.39 -152.30 0.93 ; 17
 -1595.55 -491.20 -152.40 0.56 ; 18
 -1597.09 -491.20 -153.40 0.56 ; 19
 -1599.52 -489.88 -154.45 0.56 ; 20
 -1602.67 -488.74 -155.45 0.56 ; 21
 -1604.75 -487.34 -157.15 0.56 ; 22
 -1609.03 -486.28 -157.30 0.19 ; 23
 -1610.11 -484.25 -157.95 0.19 ; 24
 Normal
 |
 -1569.16 -520.52 -137.80 0.37 ; 1; R-2-2-2-2-1-1-1-2
 -1567.61 -515.15 -138.10 0.37 ; 2
 -1569.22 -511.72 -138.85 0.37 ; 3
 -1568.07 -507.03 -138.40 0.37 ; 4
 -1568.91 -502.07 -139.65 0.37 ; 5
 -1570.84 -499.67 -139.65 0.74 ; 6
 -1571.47 -498.68 -139.70 0.74 ; 7
 -1574.03 -496.82 -139.65 0.19 ; 8
 -1575.24 -494.25 -140.55 0.19 ; 9
 Normal
 ; End of split
 |
 -1568.22 -618.51 -126.90 0.93 ; 1; R-2-2-2-2-1-1-2
 -1568.97 -613.91 -128.95 0.93 ; 2
 -1567.11 -611.34 -131.05 0.93 ; 3
 -1566.10 -607.65 -131.60 0.93 ; 4
 -1567.84 -602.91 -132.45 1.12 ; 5
 -1569.22 -598.08 -132.80 1.12 ; 6
 -1570.38 -594.15 -133.80 1.12 ; 7
 -1570.45 -589.19 -136.85 1.12 ; 8
 -1570.22 -586.26 -137.25 1.12 ; 9
 -1570.96 -583.26 -140.35 1.12 ; 10
 -1570.13 -579.61 -140.45 0.93 ; 11
 -1570.94 -577.13 -141.55 0.93 ; 12
 -1572.15 -575.32 -141.60 1.12 ; 13
 -1573.41 -574.87 -141.60 0.74 ; 14
 -1574.17 -573.33 -141.75 0.74 ; 15
 -1572.53 -569.86 -142.30 0.74 ; 16
 -1573.23 -564.67 -142.30 0.74 ; 17
 -1575.16 -559.98 -142.30 0.74 ; 18
 -1573.92 -555.65 -143.30 0.74 ; 19
 -1574.72 -552.40 -143.30 0.74 ; 20
 -1574.80 -550.51 -143.30 1.12 ; 21
 
 -1578.67 -545.91 -144.45 0.93 ; 1; R-2-2-2-2-1-1-2-1
 -1579.73 -540.81 -146.20 0.93 ; 2
 -1580.66 -536.26 -147.65 0.93 ; 3
 -1579.88 -531.66 -150.40 0.93 ; 4
 -1581.25 -525.29 -150.90 0.93 ; 5
 -1581.65 -524.44 -150.90 1.12 ; 6
 -1583.00 -522.09 -151.10 0.93 ; 7
 -1585.02 -520.09 -153.70 0.93 ; 8
 -1587.41 -518.19 -153.70 0.93 ; 9
 -1587.22 -516.61 -154.15 0.93 ; 10
 -1588.97 -513.41 -152.80 0.93 ; 11
 -1589.18 -510.20 -153.75 0.93 ; 12
 -1589.44 -508.35 -154.35 1.30 ; 13
 -1589.25 -506.01 -156.15 0.74 ; 14
 -1590.96 -504.51 -156.45 0.74 ; 15
 -1591.94 -500.54 -156.95 0.74 ; 16
 -1592.84 -499.23 -157.50 0.93 ; 17
 -1593.10 -497.38 -160.30 0.74 ; 18
 -1594.86 -495.71 -162.15 0.56 ; 19
 Low
 |
 -1573.92 -545.50 -146.10 0.74 ; 1; R-2-2-2-2-1-1-2-2
 -1572.91 -541.04 -147.30 0.74 ; 2
 -1571.72 -535.77 -148.10 0.74 ; 3
 -1571.66 -532.12 -148.70 0.74 ; 4
 -1570.65 -528.42 -149.00 0.74 ; 5
 -1566.90 -527.31 -149.00 0.74 ; 6
 -1562.41 -522.18 -149.00 0.74 ; 7
 -1557.92 -518.59 -150.25 0.74 ; 8
 -1556.96 -516.25 -150.60 0.74 ; 9
 -1552.88 -511.80 -150.30 0.74 ; 10
 -1549.94 -510.50 -148.75 0.74 ; 11
 -1549.12 -507.61 -147.35 0.74 ; 12
 -1548.52 -506.13 -147.35 0.93 ; 13
 -1547.88 -503.29 -147.35 0.56 ; 14
 -1545.26 -502.26 -148.25 0.56 ; 15
 -1545.24 -498.43 -149.60 0.56 ; 16
 -1545.10 -495.90 -149.80 1.12 ; 17
 -1545.18 -494.01 -149.80 1.12 ; 18
 -1545.49 -492.74 -149.80 0.37 ; 19
 -1545.66 -489.72 -150.55 0.93 ; 20
 -1546.36 -486.07 -152.35 0.56 ; 21
 -1548.53 -486.60 -152.35 0.56 ; 22
 -1547.89 -482.99 -153.55 0.56 ; 23
 -1548.01 -480.92 -153.80 0.56 ; 24
 -1548.19 -478.86 -156.10 0.93 ; 25
 -1548.50 -477.60 -156.10 0.37 ; 26
 -1549.12 -475.84 -157.80 0.74 ; 27
 -1549.52 -474.21 -157.80 0.93 ; 28
 -1549.20 -473.18 -157.80 0.37 ; 29
 -1549.01 -470.07 -159.95 0.74 ; 30
 -1549.15 -467.73 -159.95 0.93 ; 31
 -1548.72 -465.54 -161.40 0.93 ; 32
 -1547.07 -463.03 -161.90 0.74 ; 33
 -1546.31 -460.15 -163.60 0.56 ; 34
 -1544.78 -458.18 -163.60 0.56 ; 35
 Normal
 ; End of split
 ; End of split
 |
 -1572.48 -674.57 -124.95 0.93 ; 1; R-2-2-2-2-1-2
 -1565.81 -676.00 -124.20 0.93 ; 2
 -1561.73 -673.85 -124.80 0.93 ; 3
 -1559.53 -675.79 -124.00 0.93 ; 4
 -1557.63 -674.94 -123.40 0.93 ; 5
 -1553.52 -675.27 -123.45 0.93 ; 6
 -1548.91 -673.75 -123.45 0.93 ; 7
 -1545.99 -676.29 -123.45 0.93 ; 8
 -1544.21 -673.36 -123.40 0.93 ; 9
 -1538.30 -674.02 -123.40 0.93 ; 10
 -1534.47 -674.80 -123.40 0.93 ; 11
 -1530.76 -673.50 -123.10 0.93 ; 12
 -1528.50 -674.09 -123.10 0.93 ; 13
 -1526.55 -671.89 -123.10 0.93 ; 14
 -1522.80 -670.01 -123.10 0.93 ; 15
 -1516.80 -671.02 -123.10 0.93 ; 16
 -1514.90 -670.17 -123.10 0.93 ; 17
 -1512.37 -671.85 -123.85 0.93 ; 18
 -1510.93 -672.26 -123.85 0.93 ; 19
 -1508.40 -672.40 -123.80 0.93 ; 20
 -1505.73 -670.02 -123.85 0.93 ; 21
 -1505.31 -670.82 -123.80 1.12 ; 22
 -1502.20 -671.01 -123.80 0.74 ; 23
 -1499.12 -669.49 -123.85 0.74 ; 24
 -1496.09 -669.32 -121.85 0.56 ; 25
 Normal
 ; End of split
 |
 -1634.91 -873.06 -124.85 2.05 ; 1; R-2-2-2-2-2
 -1635.66 -868.14 -127.50 2.05 ; 2
 -1636.41 -864.31 -129.35 1.86 ; 3
 -1636.70 -858.44 -129.35 1.86 ; 4
 -1639.62 -855.14 -129.40 1.86 ; 5
 -1639.43 -852.03 -129.40 1.86 ; 6
 -1638.24 -849.06 -129.35 1.86 ; 7
 -1641.84 -844.58 -134.05 1.86 ; 8
 -1643.13 -839.34 -134.05 1.86 ; 9
 -1642.39 -835.33 -134.65 1.86 ; 10
 -1641.01 -830.02 -136.15 1.86 ; 11
 -1641.04 -826.00 -137.80 1.86 ; 12
 -1643.42 -823.33 -139.15 1.86 ; 13
 -1646.61 -819.71 -140.70 1.86 ; 14
 -1646.01 -816.69 -141.25 1.86 ; 15
 -1644.55 -812.50 -143.95 1.86 ; 16
 -1643.49 -805.92 -145.40 1.86 ; 17
 -1643.71 -805.02 -145.45 2.05 ; 18
 -1645.85 -797.89 -145.55 2.05 ; 19
 -1646.64 -793.10 -145.55 2.05 ; 20
 -1644.63 -787.25 -145.55 1.86 ; 21
 -1643.26 -783.46 -147.25 1.86 ; 22
 -1643.65 -779.54 -147.25 1.86 ; 23
 -1642.64 -775.84 -149.05 1.86 ; 24
 
 -1641.80 -771.98 -151.50 0.74 ; 1; R-2-2-2-2-2-1
 -1641.16 -769.15 -154.40 0.74 ; 2
 -1641.69 -766.98 -158.90 0.93 ; 3
 -1640.74 -765.37 -160.05 0.93 ; 4
 -1640.08 -763.04 -163.20 0.93 ; 5
 -1638.99 -761.36 -163.20 0.93 ; 6
 -1639.39 -760.52 -164.20 0.93 ; 7
 -1640.08 -759.24 -165.75 0.93 ; 8
 -1640.82 -758.15 -165.75 0.93 ; 9
 -1640.64 -755.34 -165.80 0.93 ; 10
 -1640.20 -753.15 -166.55 0.74 ; 11
 -1640.64 -751.55 -168.50 0.74 ; 12
 -1641.77 -750.57 -168.50 0.74 ; 13
 -1641.41 -748.74 -171.10 0.93 ; 14
 -1641.92 -747.50 -171.10 0.93 ; 15
 -1643.09 -745.75 -173.00 0.93 ; 16
 -1642.58 -744.15 -174.35 0.93 ; 17
 -1642.03 -742.36 -175.20 0.93 ; 18
 -1642.54 -741.12 -175.20 0.93 ; 19
 -1642.18 -739.30 -176.70 0.93 ; 20
 -1642.80 -738.60 -179.70 0.93 ; 21
 -1642.98 -737.62 -180.20 0.93 ; 22
 -1644.55 -736.93 -180.90 0.93 ; 23
 -1646.34 -736.38 -180.90 0.93 ; 24
 -1645.98 -734.56 -183.10 0.93 ; 25
 -1646.82 -733.06 -183.10 0.93 ; 26
 -1647.95 -733.03 -183.10 0.93 ; 27
 -1648.21 -731.46 -185.00 0.93 ; 28
 -1649.59 -729.85 -186.85 0.93 ; 29
 -1650.76 -729.05 -190.95 0.93 ; 30
 -1650.65 -727.56 -192.60 0.93 ; 31
 -1651.20 -726.50 -192.55 0.93 ; 32
 -1653.10 -725.55 -195.10 0.93 ; 33
 High
 |
 -1637.78 -772.59 -148.45 1.68 ; 1; R-2-2-2-2-2-2
 -1637.64 -770.06 -148.45 1.68 ; 2
 -1637.98 -764.02 -150.35 1.86 ; 3
 -1636.74 -758.93 -149.25 1.86 ; 4
 -1634.96 -755.23 -147.30 1.86 ; 5
 -1633.09 -750.37 -147.30 1.86 ; 6
 -1633.25 -746.58 -148.30 1.68 ; 7
 -1633.78 -742.88 -149.25 1.68 ; 8
 -1632.60 -741.44 -149.25 1.68 ; 9
 -1632.85 -736.52 -149.25 1.68 ; 10
 -1629.63 -733.24 -149.85 1.86 ; 11
 -1627.18 -730.73 -149.85 1.86 ; 12
 -1624.15 -729.02 -149.85 1.68 ; 13
 -1622.78 -724.47 -146.75 1.86 ; 14
 -1621.90 -719.47 -143.95 1.86 ; 15
 -1621.38 -713.02 -143.35 1.86 ; 16
 -1620.18 -707.75 -145.35 1.86 ; 17
 -1619.66 -700.54 -145.50 1.86 ; 18
 -1619.05 -695.98 -147.00 1.86 ; 19
 -1617.14 -693.60 -148.70 1.68 ; 20
 -1614.06 -691.31 -149.60 1.49 ; 21
 -1616.84 -686.25 -147.75 1.49 ; 22
 -1618.41 -683.00 -147.75 1.49 ; 23
 -1620.39 -680.42 -147.15 1.49 ; 24
 -1621.33 -678.16 -146.95 1.68 ; 25
 -1620.81 -674.01 -145.65 1.68 ; 26
 -1620.08 -671.53 -145.70 1.68 ; 27
 -1621.58 -666.24 -146.70 1.68 ; 28
 -1621.65 -662.05 -147.45 1.68 ; 29
 -1618.79 -656.55 -147.90 1.68 ; 30
 -1618.72 -652.13 -147.90 1.49 ; 31
 -1617.98 -648.12 -149.45 1.49 ; 32
 -1613.33 -646.79 -150.20 1.49 ; 33
 -1610.84 -645.98 -149.70 1.49 ; 34
 -1608.25 -642.47 -152.15 1.49 ; 35
 
 -1610.27 -638.18 -152.15 1.30 ; 1; R-2-2-2-2-2-2-1
 -1609.99 -635.43 -152.15 1.30 ; 2
 -1608.75 -631.87 -151.65 1.30 ; 3
 -1606.89 -630.08 -150.60 1.30 ; 4
 -1608.19 -627.14 -149.40 1.30 ; 5
 -1608.73 -626.51 -148.75 1.30 ; 6
 -1605.86 -621.01 -150.35 1.30 ; 7
 -1604.00 -617.68 -150.35 1.30 ; 8
 -1605.38 -612.85 -150.35 1.12 ; 9
 -1603.11 -609.61 -150.95 1.12 ; 10
 -1601.01 -604.88 -152.15 1.12 ; 11
 -1600.22 -598.75 -152.20 1.30 ; 12
 -1598.49 -595.65 -152.45 1.30 ; 13
 -1598.21 -593.66 -153.00 1.30 ; 14
 -1599.06 -591.00 -153.00 1.30 ; 15
 -1600.94 -588.02 -153.15 1.30 ; 16
 -1597.86 -584.19 -153.15 1.30 ; 17
 -1595.36 -581.09 -153.15 1.30 ; 18
 -1595.13 -579.69 -153.15 1.49 ; 19
 
 -1595.76 -575.78 -154.80 0.93 ; 1; R-2-2-2-2-2-2-1-1
 -1594.89 -573.07 -154.65 0.93 ; 2
 
 -1596.51 -571.17 -153.00 0.74 ; 1; R-2-2-2-2-2-2-1-1-1
 -1595.23 -567.80 -154.40 0.74 ; 2
 -1595.71 -565.04 -154.65 0.74 ; 3
 -1597.27 -558.72 -154.45 0.74 ; 4
 -1596.81 -555.93 -154.45 0.74 ; 5
 -1595.58 -553.90 -154.45 0.56 ; 6
 -1593.72 -551.34 -154.00 0.56 ; 7
 -1595.11 -548.81 -154.00 0.56 ; 8
 -1595.28 -545.79 -154.00 0.56 ; 9
 -1594.05 -543.76 -153.95 0.56 ; 10
 -1593.59 -541.73 -153.95 0.56 ; 11
 -1593.71 -538.13 -154.70 0.56 ; 12
 -1594.60 -535.28 -155.20 0.56 ; 13
 -1593.55 -532.53 -155.35 0.56 ; 14
 -1593.67 -528.92 -155.95 0.56 ; 15
 -1592.22 -526.27 -156.40 0.93 ; 16
 -1589.36 -523.84 -156.40 0.74 ; 17
 -1588.50 -521.91 -159.15 0.74 ; 18
 -1589.70 -517.80 -159.80 0.74 ; 19
 -1587.93 -515.64 -159.85 0.74 ; 20
 -1586.56 -511.86 -160.95 0.74 ; 21
 -1584.82 -508.99 -163.05 0.74 ; 22
 -1583.07 -506.88 -163.05 0.74 ; 23
 -1581.54 -503.96 -163.05 0.74 ; 24
 -1580.95 -501.99 -164.15 0.74 ; 25
 -1580.63 -500.35 -164.35 0.74 ; 26
 -1580.66 -498.64 -167.50 0.74 ; 27
 -1579.97 -497.07 -167.45 0.74 ; 28
 -1578.15 -494.59 -168.65 0.74 ; 29
 -1576.76 -493.35 -170.90 1.12 ; 30
 -1577.75 -490.69 -170.90 1.12 ; 31
 -1576.91 -490.29 -173.45 1.12 ; 32
 -1575.81 -488.61 -175.85 1.12 ; 33
 -1576.40 -486.79 -177.05 1.12 ; 34
 -1575.20 -484.56 -178.40 1.49 ; 35
 -1574.07 -481.75 -178.40 1.49 ; 36
 -1572.42 -481.13 -179.30 1.49 ; 37
 -1569.83 -479.57 -179.30 1.49 ; 38
 -1568.44 -478.33 -178.95 1.49 ; 39
 -1567.35 -475.70 -180.00 1.49 ; 40
 -1565.23 -472.71 -180.00 1.49 ; 41
 -1565.24 -470.81 -181.20 1.49 ; 42
 -1564.40 -469.46 -183.60 1.49 ; 43
 -1563.92 -467.09 -185.60 1.49 ; 44
 -1563.23 -465.53 -185.60 1.49 ; 45
 Normal
 |
 -1592.62 -569.07 -156.95 0.74 ; 1; R-2-2-2-2-2-2-1-1-2
 -1590.75 -565.74 -158.75 0.74 ; 2
 -1590.11 -562.90 -159.90 0.74 ; 3
 -1590.22 -557.76 -159.90 0.74 ; 4
 -1587.58 -554.86 -161.45 0.56 ; 5
 -1586.92 -550.63 -161.50 0.56 ; 6
 -1587.80 -549.32 -162.30 1.12 ; 7
 -1588.09 -548.88 -164.85 1.12 ; 8
 -1587.29 -547.71 -165.90 1.12 ; 9
 -1588.42 -545.78 -166.85 0.93 ; 10
 -1587.69 -543.08 -166.85 0.93 ; 11
 -1585.87 -540.60 -168.75 0.93 ; 12
 -1587.15 -537.50 -168.75 0.93 ; 13
 -1588.21 -534.26 -169.55 0.93 ; 14
 -1586.68 -531.34 -170.65 0.93 ; 15
 -1586.20 -528.97 -170.65 0.93 ; 16
 -1586.02 -527.11 -170.65 0.93 ; 17
 -1587.05 -524.63 -172.10 0.93 ; 18
 -1585.07 -522.37 -174.05 0.93 ; 19
 -1582.92 -521.09 -175.70 0.93 ; 20
 -1581.10 -519.56 -176.70 0.93 ; 21
 -1580.29 -517.45 -178.65 0.93 ; 22
 -1579.97 -515.81 -178.65 0.93 ; 23
 -1577.85 -513.76 -179.40 1.12 ; 24
 -1577.01 -512.41 -179.40 1.12 ; 25
 -1575.92 -510.74 -180.20 0.93 ; 26
 -1573.84 -510.77 -180.20 0.93 ; 27
 -1572.27 -508.62 -180.25 0.93 ; 28
 -1571.83 -505.48 -182.95 0.93 ; 29
 -1571.25 -503.52 -182.95 0.93 ; 30
 -1569.17 -503.55 -182.95 0.93 ; 31
 -1567.45 -501.62 -183.65 0.93 ; 32
 -1566.32 -499.76 -185.10 0.93 ; 33
 -1564.20 -496.77 -186.10 0.93 ; 34
 -1563.58 -494.62 -187.90 0.93 ; 35
 -1563.26 -493.92 -187.90 0.93 ; 36
 -1562.13 -491.12 -188.60 0.93 ; 37
 -1562.27 -489.00 -189.30 0.93 ; 38
 -1561.43 -486.70 -189.30 0.93 ; 39
 -1560.08 -485.65 -189.30 0.93 ; 40
 -1560.74 -484.19 -192.60 0.93 ; 41
 -1560.71 -482.11 -192.65 0.93 ; 42
 -1559.90 -479.99 -192.65 0.93 ; 43
 -1561.70 -477.55 -192.60 0.93 ; 44
 -1561.84 -475.44 -194.15 0.93 ; 45
 -1561.81 -470.51 -194.15 0.93 ; 46
 -1562.47 -468.11 -194.15 0.93 ; 47
 -1561.48 -466.03 -193.60 0.93 ; 48
 -1560.79 -463.51 -193.60 0.93 ; 49
 -1559.04 -461.40 -192.75 0.93 ; 50
 -1558.64 -458.44 -192.05 0.93 ; 51
 -1557.00 -456.87 -192.05 0.93 ; 52
 -1555.25 -454.76 -192.05 0.93 ; 53
 -1555.17 -453.45 -192.05 1.12 ; 54
 -1554.99 -450.64 -193.50 0.74 ; 55
 -1553.64 -449.58 -193.50 0.74 ; 56
 Normal
  ; End of split
 |
 -1591.18 -574.70 -151.85 0.93 ; 1; R-2-2-2-2-2-2-1-2
 -1588.15 -573.00 -150.05 0.93 ; 2
 -1585.66 -571.43 -148.25 0.93 ; 3
 -1582.58 -570.67 -147.25 0.93 ; 4
 -1582.63 -569.72 -145.85 0.93 ; 5
 -1584.43 -568.64 -143.90 0.93 ; 6
 -1585.55 -567.96 -142.95 0.93 ; 7
 -1585.95 -566.33 -142.20 0.93 ; 8
 -1584.04 -563.18 -142.20 0.93 ; 9
 -1580.58 -561.89 -142.20 0.93 ; 10
 -1577.28 -562.04 -142.20 1.12 ; 11
 -1575.96 -558.84 -141.60 0.93 ; 12
 -1576.71 -554.24 -140.00 0.93 ; 13
 -1574.08 -553.21 -138.50 0.93 ; 14
 -1571.01 -552.45 -137.25 0.93 ; 15
 -1570.27 -547.68 -135.65 0.93 ; 16
 -1569.58 -545.02 -133.50 0.93 ; 17
 -1568.13 -543.90 -133.20 0.93 ; 18
 -1568.43 -540.33 -132.00 0.93 ; 19
 -1568.34 -539.93 -132.00 1.30 ; 20
 -1568.88 -538.53 -131.75 1.12 ; 21
 -1569.27 -535.37 -130.85 0.93 ; 22
 -1568.81 -532.57 -130.90 0.93 ; 23
 -1566.50 -531.81 -130.90 0.93 ; 24
 -1566.62 -528.21 -132.40 1.12 ; 25
 -1567.20 -527.39 -132.40 1.12 ; 26
 -1567.37 -524.37 -130.45 0.74 ; 27
 -1567.64 -523.29 -129.55 0.74 ; 28
 -1567.90 -520.67 -128.80 0.74 ; 29
 -1567.22 -519.54 -128.65 0.74 ; 30
 -1565.59 -519.14 -128.65 0.74 ; 31
 -1565.99 -516.75 -128.20 0.74 ; 32
 -1565.26 -515.04 -125.85 0.74 ; 33
 -1563.41 -515.54 -125.60 0.74 ; 34
 -1561.38 -515.24 -125.35 0.93 ; 35
 -1560.02 -513.75 -123.90 0.56 ; 36
 -1556.53 -510.79 -123.20 0.56 ; 37
 -1556.48 -510.97 -123.10 0.56 ; 38
 -1553.27 -508.45 -122.15 0.56 ; 39
 -1551.22 -504.31 -122.10 0.56 ; 40
 -1550.70 -500.16 -123.90 0.56 ; 41
 -1550.79 -498.27 -123.95 0.56 ; 42
 -1550.61 -498.22 -123.90 0.56 ; 43
 -1551.28 -497.05 -123.45 0.56 ; 44
 -1552.49 -495.24 -123.00 0.56 ; 45
 -1552.16 -491.90 -120.85 0.56 ; 46
 -1552.92 -488.84 -120.10 0.56 ; 47
 -1553.77 -487.71 -119.55 1.30 ; 48
 -1553.04 -485.99 -117.95 0.93 ; 49
 -1552.49 -484.33 -117.30 0.93 ; 50
 -1552.21 -483.11 -117.15 0.93 ; 51
 High
 ; End of split
 |
 -1603.60 -641.14 -152.20 1.30 ; 1; R-2-2-2-2-2-2-2
 -1602.06 -639.61 -153.25 1.30 ; 2
 -1597.72 -639.31 -153.25 1.30 ; 3
 -1594.15 -639.00 -152.35 1.30 ; 4
 -1592.08 -640.41 -152.35 1.30 ; 5
 -1589.18 -638.16 -152.35 1.30 ; 6
 -1584.71 -639.17 -154.00 1.30 ; 7
 -1577.90 -639.60 -153.30 1.30 ; 8
 -1574.83 -641.14 -156.20 1.12 ; 9
 -1571.76 -640.39 -157.55 1.12 ; 10
 -1566.65 -639.32 -158.10 1.12 ; 11
 -1564.73 -638.13 -158.85 1.12 ; 12
 -1563.34 -635.94 -158.85 1.12 ; 13
 -1560.78 -634.56 -163.25 1.12 ; 14
 -1558.52 -632.73 -163.25 1.12 ; 15
 -1557.24 -632.04 -165.05 1.12 ; 16
 -1555.38 -630.33 -165.05 0.93 ; 17
 -1553.92 -628.72 -166.20 1.12 ; 18
 -1552.39 -626.75 -167.65 1.30 ; 19
 -1550.97 -626.28 -167.65 1.30 ; 20
 -1549.69 -625.59 -171.10 1.30 ; 21
 -1547.98 -621.76 -171.10 1.30 ; 22
 -1545.31 -621.72 -173.90 1.30 ; 23
 -1543.48 -619.36 -175.05 1.30 ; 24
 -1542.35 -616.55 -175.05 1.30 ; 25
 -1540.82 -615.53 -176.85 1.30 ; 26
 -1540.05 -612.65 -178.65 1.30 ; 27
 -1539.76 -611.19 -178.65 1.30 ; 28
 -1537.83 -607.22 -181.00 1.30 ; 29
 -1538.05 -604.52 -185.25 1.30 ; 30
 -1535.31 -602.22 -185.25 1.30 ; 31
 -1533.41 -602.22 -185.25 1.30 ; 32
 -1530.97 -599.49 -185.40 1.30 ; 33
 -1529.40 -598.28 -185.35 1.30 ; 34
 -1529.11 -596.82 -187.30 1.30 ; 35
 -1527.87 -593.47 -187.30 1.12 ; 36
 -1526.95 -591.75 -187.30 0.93 ; 37
 -1527.03 -591.17 -187.30 0.93 ; 38
 
 -1525.24 -590.76 -191.75 1.49 ; 1; R-2-2-2-2-2-2-2-1
 -1523.42 -590.18 -191.75 1.49 ; 2
 -1522.43 -589.05 -193.45 1.49 ; 3
 -1522.39 -587.92 -195.20 0.93 ; 4
 -1521.74 -586.53 -197.00 0.93 ; 5
 -1520.06 -582.89 -198.10 0.93 ; 6
 -1518.09 -583.47 -198.10 0.74 ; 7
 -1516.70 -582.23 -198.10 0.74 ; 8
 -1517.00 -579.90 -198.10 0.74 ; 9
 -1516.01 -576.87 -201.20 0.74 ; 10
 -1515.68 -574.28 -202.85 0.74 ; 11
 -1515.76 -571.80 -205.70 0.56 ; 12
 -1515.47 -569.39 -205.95 0.74 ; 13
 -1514.67 -566.33 -207.50 0.74 ; 14
 -1513.65 -564.07 -207.50 0.74 ; 15
 -1513.14 -561.52 -207.50 0.74 ; 16
 -1514.82 -560.42 -208.55 0.74 ; 17
 -1515.62 -558.75 -208.55 0.74 ; 18
 -1515.58 -557.62 -208.60 0.74 ; 19
 -1514.85 -555.86 -208.60 0.74 ; 20
 -1514.67 -554.00 -208.60 0.74 ; 21
 -1513.98 -552.44 -209.65 0.74 ; 22
 -1513.21 -551.53 -211.95 0.74 ; 23
 -1512.73 -549.16 -211.95 0.74 ; 24
 -1513.14 -547.38 -213.50 0.74 ; 25
 -1514.23 -546.21 -213.50 0.74 ; 26
 -1514.49 -544.64 -213.50 0.74 ; 27
 -1514.42 -543.33 -213.50 0.74 ; 28
 -1513.98 -541.14 -213.50 0.74 ; 29
 -1513.58 -540.08 -213.65 0.74 ; 30
 -1513.29 -538.62 -213.65 0.74 ; 31
 -1513.14 -537.90 -214.35 0.74 ; 32
 -1512.89 -535.67 -214.35 0.74 ; 33
 -1512.96 -535.09 -215.35 0.93 ; 34
 -1513.14 -533.15 -215.40 0.93 ; 35
 -1513.44 -530.82 -216.35 0.93 ; 36
 -1511.87 -528.67 -217.50 0.74 ; 37
 -1510.59 -527.98 -217.50 0.74 ; 38
 -1509.93 -526.59 -216.95 0.74 ; 39
 -1509.35 -523.67 -217.45 0.74 ; 40
 -1509.61 -522.11 -216.55 0.74 ; 41
 -1511.36 -519.48 -216.55 0.74 ; 42
 -1513.66 -518.64 -216.55 0.74 ; 43
 -1512.78 -516.30 -216.25 0.19 ; 44
 -1511.74 -514.99 -218.75 0.19 ; 45
 -1511.23 -513.73 -218.80 0.19 ; 46
 -1511.50 -511.38 -219.55 0.56 ; 47
 -1511.68 -509.81 -220.50 0.56 ; 48
 -1512.27 -509.35 -220.50 0.56 ; 49
 -1512.31 -506.71 -221.60 0.56 ; 50
 -1511.35 -505.80 -221.60 0.56 ; 51
 -1511.07 -504.84 -222.30 0.56 ; 52
 -1511.46 -502.63 -222.30 0.56 ; 53
 -1510.50 -501.73 -223.00 0.56 ; 54
 -1508.68 -500.32 -223.95 0.56 ; 55
 -1508.09 -497.47 -223.95 0.56 ; 56
 -1507.63 -495.69 -224.00 0.56 ; 57
 -1509.15 -494.01 -224.80 0.56 ; 58
 -1509.68 -491.69 -226.00 0.56 ; 59
 -1508.68 -490.12 -226.00 0.56 ; 60
 -1507.17 -488.22 -226.00 0.56 ; 61
 -1504.68 -486.86 -226.75 0.56 ; 62
 -1502.05 -484.44 -228.90 0.56 ; 63
 -1499.15 -483.17 -229.65 0.56 ; 64
 -1497.57 -480.86 -232.05 0.56 ; 65
 -1496.01 -479.48 -233.65 0.56 ; 66
 -1495.99 -477.36 -233.60 0.56 ; 67
 -1494.43 -474.80 -234.40 0.56 ; 68
 -1493.81 -472.20 -237.45 0.56 ; 69
 -1493.38 -470.17 -237.95 0.56 ; 70
 -1491.73 -468.38 -238.85 0.56 ; 71
 -1493.08 -467.08 -240.30 0.56 ; 72
 -1494.71 -465.56 -240.85 0.56 ; 73
 -1494.29 -463.52 -240.85 0.56 ; 74
 Normal
 |
 -1525.46 -590.91 -187.30 0.93 ; 1; R-2-2-2-2-2-2-2-2
 -1523.78 -589.16 -187.30 0.93 ; 2
 -1523.01 -588.18 -187.30 0.93 ; 3
 -1521.22 -586.83 -185.65 0.74 ; 4
 -1520.53 -585.26 -185.70 0.74 ; 5
 -1520.53 -583.37 -185.70 0.74 ; 6
 -1520.79 -581.80 -185.70 0.74 ; 7
 -1519.69 -581.07 -185.70 0.74 ; 8
 -1518.60 -580.34 -185.70 0.74 ; 9
 -1516.26 -578.15 -185.70 0.74 ; 10
 -1515.75 -575.60 -185.70 0.74 ; 11
 -1513.27 -571.73 -186.20 0.74 ; 12
 -1512.84 -567.65 -187.30 0.74 ; 13
 -1510.17 -564.77 -188.35 0.74 ; 14
 -1507.80 -561.45 -191.20 0.74 ; 15
 -1506.23 -558.35 -192.75 0.74 ; 16
 -1505.14 -555.72 -192.75 0.74 ; 17
 -1503.75 -554.48 -193.80 0.93 ; 18
 -1503.13 -552.33 -193.85 0.93 ; 19
 -1500.80 -551.09 -193.80 0.93 ; 20
 -1500.36 -548.90 -195.10 0.93 ; 21
 -1500.62 -546.39 -195.15 0.93 ; 22
 -1499.27 -544.38 -195.15 0.93 ; 23
 -1496.60 -543.40 -198.30 0.93 ; 24
 -1494.30 -542.34 -198.25 0.93 ; 25
 -1492.44 -539.68 -199.50 0.93 ; 26
 -1491.64 -537.56 -200.75 0.93 ; 27
 -1489.63 -536.07 -200.75 0.93 ; 28
 -1489.20 -534.83 -201.95 0.93 ; 29
 -1489.05 -532.53 -202.60 0.93 ; 30
 -1488.06 -531.40 -203.45 0.93 ; 31
 -1485.62 -530.56 -205.15 0.93 ; 32
 -1483.97 -529.94 -205.15 0.93 ; 33
 -1483.03 -528.05 -207.50 0.93 ; 34
 -1483.43 -526.26 -209.15 0.93 ; 35
 -1483.14 -523.85 -209.15 0.93 ; 36
 -1481.53 -521.52 -209.15 0.93 ; 37
 -1481.13 -518.56 -210.30 0.93 ; 38
 -1481.46 -516.41 -211.25 0.93 ; 39
 -1481.35 -513.97 -212.50 0.93 ; 40
 -1481.39 -511.31 -213.50 0.93 ; 41
 -1480.74 -508.03 -215.05 0.93 ; 42
 -1479.64 -504.45 -214.65 0.93 ; 43
 -1479.22 -501.59 -214.80 0.19 ; 44
 -1478.71 -499.15 -214.80 0.19 ; 45
 -1476.81 -497.33 -217.10 0.19 ; 46
 -1475.44 -496.51 -217.15 0.19 ; 47
 -1476.15 -495.01 -218.25 0.19 ; 48
 -1475.57 -494.28 -218.25 0.19 ; 49
 -1473.72 -493.13 -219.15 0.19 ; 50
 -1472.65 -492.08 -219.15 0.19 ; 51
 -1472.36 -491.12 -219.15 0.19 ; 52
 -1472.17 -489.37 -219.15 0.19 ; 53
 -1470.98 -489.36 -219.15 0.19 ; 54
 -1469.42 -487.99 -220.60 0.19 ; 55
 -1468.35 -486.93 -221.30 0.19 ; 56
 -1466.99 -486.11 -224.00 0.19 ; 57
 -1465.95 -484.80 -224.00 0.19 ; 58
 -1463.98 -483.50 -225.90 0.19 ; 59
 -1462.94 -482.19 -225.90 0.19 ; 60
 -1459.63 -482.20 -227.10 0.19 ; 61
 -1457.51 -481.02 -230.50 0.19 ; 62
 Normal
 ; End of split
 ; End of split
 ; End of split
 ; End of split
 ; End of split
 ; End of split
 ; End of split
 ; End of split
 ; End of tree
